8.670841822322473E-14
2.0905499553691698E-13
1.2703726959273354E-13
3.138045379103005E-13
1.5626389071599078E-13
4.0456527017340704E-13
1.9981238885691255E-13
1.6153745008296028E-14
4.6962433941644134E-14
7.610578833805448E-14
3.743139131984208E-11
3.561240191629622E-11
6.639311322942376E-11
3.4091840461769607E-10
6.298250809777528E-11
2.45307774093817E-10
1.297451035497943E-10
2.2737367544323206E-11
1.255671122635249E-10
1.9576873455663604E-10
6.333493729471229E-10
9.083578333962415E-11
1.6228796084760688E-10
4.899902705801651E-10
2.6119550966541283E-10
2.886508809751831E-10
5.936158231634181E-10
5.914557732467074E-10
3.4066260923282243E-10
2.999627213284839E-10
1.0453504728502594E-9
4.970388545189053E-10
1.1291376722510904E-9
9.92486093309708E-10
1.2729515219689347E-9
8.102460924419574E-10
8.492406777804738E-11
8.816414265311323E-10
8.996039468911476E-10
9.93281901173761E-10
1.0627445590216666E-9
9.979430615203455E-10
1.2087184586570687E-9
3.9472070056945086E-10
1.639364199945704E-9
1.666649040998891E-10
3.11297299049329E-9
3.327613740111701E-9
1.1980318959108132E-9
1.6173089534277096E-9
1.299213181482628E-9
1.3278622645884752E-10
2.906290319515392E-9
1.7062120605260398E-9
6.2868821260053664E-9
2.3865140974521637E-9
3.74075170839883E-9
3.765762812690809E-9
2.0063453121110797E-9
4.760295269079506E-9
9.357790986541659E-9
7.648850441910432E-9
4.8994479584507644E-9
4.726643965113908E-9
1.2205418897809638E-9
3.119566827081144E-10
2.3374013835564256E-10
9.51058609643951E-9
6.835762178525329E-9
8.256392902694643E-9
9.40781319513917E-9
1.9159415387548506E-8
1.168154994957149E-8
1.1707015801221132E-8
1.0584699339233339E-8
1.998705556616187E-8
1.2209056876599789E-8
2.755768946372396E-9
1.8744685803649318E-8
2.2628228180110455E-9
8.010829333215952E-9
2.0423613023012877E-8
2.0467268768697977E-8
1.0189978638663888E-8
2.4705514078959823E-8
2.0656443666666746E-8
2.4374458007514477E-9
1.7378624761477113E-8
1.7320417100563645E-8
3.754394128918648E-9
1.6763806343078613E-8
5.025503924116492E-8
2.529122866690159E-8
5.296897143125534E-9
1.0621442925184965E-7
6.522168405354023E-8
2.6411726139485836E-9
3.812601790699477E-9
2.200977178301413E-8
1.3285898603498936E-8
1.0521034710136339E-8
7.203198038041592E-9
4.867615644062184E-8
1.0043731890618801E-7
1.4479155659163911E-8
1.0695657692849636E-8
1.5537079889327288E-7
1.88418198376894E-7
8.853385224938393E-8
1.0183430276811123E-7
2.8277380437202737E-13
3.0081492852218616E-13
7.25142168533921E-13
1.3489209749195702E-14
5.779265954686252E-13
3.4094949086238557E-13
8.93729534823251E-15
8.341105584008801E-13
3.270717030545711E-13
1.3244960683778118E-13
5.800393411414806E-8
1.921434886753559E-7
4.0658051148056984E-8
2.007582224905491E-7
3.876048140782906E-7
1.4112447388470173E-7
1.8507125787436962E-7
1.2302189134061337E-7
1.0593794286251068E-7
2.592569217224616E-7
6.181653589010239E-7
8.509960025548935E-8
4.064640962697652E-7
7.246853783726692E-7
6.339396350085735E-7
3.6205165088176727E-7
1.7636921256780624E-8
5.645561031997204E-7
2.7479836717247963E-7
9.895302355289459E-8
9.743962436914444E-8
5.010515456149722E-7
5.386536940932274E-7
5.031470209360123E-7
3.466848284006119E-7
1.8882565200328827E-7
9.860377758741379E-8
8.009374141693115E-7
8.617062121629715E-7
1.8673017621040344E-7
1.491047441959381E-6
1.2961681936686509E-6
1.4575198292732239E-6
1.0556541383344512E-6
1.3599637895822525E-6
2.1941959857940674E-6
1.8016435205936432E-6
1.5974510478855564E-6
2.1071173250675201E-7
2.0812731236219406E-6
1.9045546650886536E-7
5.909241735935211E-7
2.819579094648361E-6
6.076879799365997E-7
3.632158041000366E-7
2.1439045667648315E-6
2.3152679204940796E-6
1.105479896068573E-6
7.962808012962341E-8
8.479692112928205E-7
6.368383765220642E-6
7.333233952522278E-6
6.332993507385254E-7
4.584901034832001E-6
2.1327286958694458E-7
4.200264811515808E-7
2.7650967240333557E-6
1.551210883121712E-5
7.497146725654602E-7
4.414469003677368E-7
2.4829059839248657E-5
6.631016731262207E-7
1.0998919606208801E-5
7.957220077514648E-6
1.893751323223114E-5
6.99795783987156E-6
2.689659595489502E-6
5.8282166719436646E-6
1.6689300537109375E-5
1.3642013186654367E-5
1.679360866546631E-5
2.0936132614224334E-6
3.937631845474243E-6
2.3033469915390015E-5
3.3404678106307983E-5
2.9765070394205395E-5
3.438442945480347E-5
1.9822269678115845E-5
1.2181700412838836E-6
2.7496367692947388E-5
2.726912498474121E-6
9.005516767501831E-5
3.659725371107925E-5
4.743039608001709E-5
1.0639429092407227E-4
5.576014518737793E-5
9.766966286406387E-5
6.835907697677612E-5
1.6391277313232422E-6
6.651878356933594E-5
8.001923561096191E-6
6.8694353103637695E-6
1.1052191257476807E-4
9.216368198394775E-5
4.279613494873047E-5
1.0670721530914307E-4
1.4224649203242734E-4
7.483363151550293E-5
8.33272933959961E-5
2.2843480138590166E-5
4.917177776064818E-13
1.979527652906655E-13
1.723288178823168E-12
1.7408297026122455E-13
7.921441280700494E-13
3.9968028886505635E-14
5.75428593663219E-13
4.2665870836344766E-13
4.3076653355456074E-13
8.026912468039882E-13
8.285045623779297E-6
4.195272922515869E-4
2.5776028633117676E-4
4.4485926628112793E-4
2.8124451637268066E-4
3.0100345611572266E-5
4.410743713378906E-6
8.401274681091309E-5
1.8984079360961914E-5
4.857778549194336E-5
1.1092424392700195E-4
5.048513412475586E-5
6.103527266532183E-5
6.192922592163086E-5
6.878972053527832E-4
2.599358558654785E-4
1.603364989932743E-5
5.221366882324219E-4
1.2278556823730469E-5
6.884336471557617E-5
6.058225408196449E-4
8.503198623657227E-4
9.739398956298828E-5
0.0011790995486080647
1.556873321533203E-4
5.114078521728516E-4
5.667209625244141E-4
0.0012592077255249023
5.052089691162109E-4
1.9121170043945312E-4
0.0015654563903808594
0.0011684894561767578
5.638599395751953E-4
3.1590647995471954E-4
0.0022912025451660156
9.064674377441406E-4
2.2912025451660156E-4
3.802776336669922E-4
0.002175569534301758
6.818771362304688E-5
8.392333984375E-5
0.002640247344970703
0.004651070572435856
0.0022807121567893773
4.949569702148438E-4
0.0045318603515625
0.0012097361031919718
0.00182342529296875
4.31060791015625E-4
0.005608081817626953
0.008532524108886719
0.004175186273641884
0.006138801574707031
0.004696846008300781
0.002243056893348694
0.012966156005859375
7.686614990234375E-4
0.0031023025512695312
0.001434326171875
0.009327918291091919
0.016527175903320312
0.0069637298583984375
4.1961669921875E-4
0.009874343872070312
4.634857177734375E-4
0.0131874093785882
0.01373302936553955
0.0054950714111328125
0.013116955757141113
5.359649658203125E-4
7.82012939453125E-4
0.021137237548828125
0.010215763002634048
0.017475128173828125
0.021133482456207275
0.020595552399754524
0.032871246337890625
0.02441406436264515
0.00775909423828125
0.0017931461334228516
0.10254859924316406
0.0706939697265625
0.039078712463378906
0.003692626953125
0.0647125244140625
0.02745819091796875
0.0057086944580078125
0.03691864013671875
0.08792877197265625
0.0347747802734375
0.0147857666015625
0.006927490234375
0.008575439453125
0.132904052734375
0.172332763671875
0.053436279296875
0.126861572265625
0.0026397705078125
0.07525634765625
0.1847381591796875
4.0256686872908176E-13
1.970645868709653E-12
1.7292833831561438E-12
2.2157831125468874E-12
2.561062473205311E-12
2.204680882300636E-12
1.2561063300609021E-12
1.2401191185062999E-12
2.4493740369280204E-12
5.1514348342607263E-14
0.189697265625
0.22039794921875
0.39929211139678955
0.020477294921875
0.007049560546875
0.175048828125
0.33905029296875
0.34625244140625
0.016143798828125
0.08441162109375
0.744873046875
0.2945561408996582
0.93963623046875
0.0084228515625
0.017578125
0.45184326171875
0.30511474609375
0.02618408203125
0.09478759765625
0.35577392578125
0.6229248046875
1.3111572265625
0.394287109375
0.542236328125
0.0439453125
0.026002883911132812
0.6661376953125
1.1793212890625
0.8485107421875
1.2205810546875
6.674660824046441E-13
0.485107421875
1.03662109375
4.89297491412799E-12
7.37632177560954E-12
2.518873998269555E-12
1.923350367860621E-12
6.191491763729573E-12
4.591882429849647E-13
5.079492382265016E-12
3.3623046875
6.0234375
0.50390625
2.16064453125
4.45703125
2.43212890625
1.29541015625
2.39013671875
7.0185546875
0.262725830078125
2.7470855712890625
5.92578125
1.7490234375
9.4521484375
4.64453125
0.5206451416015625
5.7998046875
3.50390625
1.208984375
5.0712890625
14.6875
33.123046875
17.458984375
29.267578125
18.1796875
8.66796875
12.541015625
4.57421875
7.55078125
7.552734375
10.33203125
11.37890625
39.28125
26.046875
35.33984375
9.33984375
3.5390625
2.69921875
2.6171875
18.7265625
10.0390625
37.9765625
8.25
70.046875
56.75
50.328125
37.8828125
41.9296875
24.8916015625
30.3984375
6.3984375
195.34375
58.046875
24.515625
3.3125
3.703125
43.78125
69.359375
45.1171875
94.484375
2.4380497620768438E-12
6.129763363560414E-12
2.987832203871222E-12
4.569677969357157E-12
1.998845533535132E-12
5.553335569175033E-12
2.639222174138922E-12
8.233413950620161E-13
6.127098828301314E-12
1.4410694859634548E-12
103.0
473.625
6.5
262.78125
291.4375
139.2578125
493.5
24.25
150.46875
119.21875
16.5625
403.0625
60.625
397.25
15.0625
13.5
132.25
14.4375
320.25
108.125
1.0233591751784843E-11
8.15525424968655E-12
8.393286066166235E-12
1.326050380612287E-12
9.091394304050482E-12
1.0601297617540695E-11
6.115108419635362E-12
4.54125625992674E-12
8.888889624358853E-12
2.986944025451521E-12
1.779376646027231E-11
1.3514522834157106E-11
9.173106718662997E-12
8.79296635503124E-12
8.190781386474555E-12
1.0107470416187425E-11
2.5508484213787597E-12
1.0462741784067475E-11
2.5064395003937534E-11
1.3223200312495516E-11
1.141531313919586E-12
7.901235221652314E-12
1.939071125889334E-11
5.6203930398623925E-12
1.6505907751707127E-11
1.5862866575844237E-11
6.31272811801864E-13
1.1233236563157334E-12
1.864952636765338E-12
1.255440196246127E-12
4.8331116886402015E-11
1.1964829127464327E-10
4.8508752570343694E-11
1.0928147275990341E-11
4.706635081674905E-11
4.5574211071652826E-11
6.416911446649547E-11
1.269029326067539E-11
8.2238216236874E-11
9.666933920016163E-11
1.794973059077165E-10
1.0008704975916774E-10
7.865708084864309E-11
4.766320671478752E-11
1.8404477941658115E-10
1.354862888547359E-10
7.474909580196254E-12
2.0011725609947462E-10
1.0004441719503038E-11
6.215827852429359E-11
