2.9223845565695683E-13
7.543965452327939E-14
2.918221220227224E-13
3.6126657221302594E-13
1.2878587085651816E-14
5.79813974610488E-14
2.911559882079473E-14
1.448563491379673E-13
3.1988300897012323E-13
6.375455718909961E-14
2.8350655156828E-10
1.8980017557623796E-10
1.5145928955462296E-10
2.1003643269068561E-10
2.757190031843493E-10
1.3505996321327984E-10
4.2012970880023204E-10
4.6554760047028234E-11
1.5367618289019447E-10
2.474962457199581E-10
1.141984284913633E-10
1.4375700629898347E-10
3.07750269712415E-10
1.6501644495292567E-10
6.337472768791486E-10
9.579821380613034E-10
1.7394086171407253E-10
5.307470019033644E-10
8.869847079040483E-10
6.048139766789973E-11
4.865796654485166E-11
1.2175860319989312E-9
9.913492249324918E-10
7.755716069368646E-10
1.0246594683849253E-9
1.7996626411331818E-10
1.8349055608268848E-10
1.0114717952092178E-9
3.2730440580053255E-10
7.682956493226811E-10
2.6079760573355666E-9
1.8428636394673958E-9
1.211901690112427E-10
2.5456756702624328E-9
3.196873876731843E-10
4.1882231016643345E-10
2.562273948569782E-9
3.0968294595368207E-9
3.885816113324836E-10
6.386926543200389E-10
1.909938873723414E-10
3.490185918053612E-9
2.6780071493720813E-9
3.6334313335828483E-10
4.754838300868869E-9
4.316007107263431E-9
1.148237060988322E-9
4.796220309799537E-9
5.611582309938967E-10
3.533386916387826E-10
1.2979398889001459E-8
8.38463165567173E-9
8.434653864242136E-9
1.099215296562761E-8
2.230990503448993E-9
9.904397302307189E-10
4.622052074410021E-9
2.9467628337442875E-10
7.657945388929115E-10
7.874405127950013E-9
1.2332748156040907E-8
5.165929906070232E-10
1.0611984180286527E-8
1.2787495506932136E-9
1.716034603305161E-8
8.049028110690415E-9
5.275069270287219E-10
1.8519131117500365E-8
9.36779542826116E-10
4.4565240386873484E-10
1.3111275620758533E-8
3.515015123412013E-8
1.5646946849301457E-8
3.270906745499527E-8
9.495124686526311E-10
2.7976057026535273E-9
3.814420779235661E-8
2.7899659471586347E-8
7.930793799459934E-10
1.7138518160236165E-8
1.9063008949160576E-9
2.2046151570982557E-8
3.979948814958334E-8
5.021865945310078E-8
8.149072527885437E-10
3.866443876350545E-8
5.1048118621110916E-8
1.766602508810472E-8
7.847120286896825E-8
1.6727426555007696E-8
8.282950147986412E-8
4.1967723522093E-8
2.195884007960558E-8
2.094893716345081E-7
7.075141184034674E-8
1.4362740330398083E-8
2.107117325078362E-8
8.309143596264834E-9
7.079506758600473E-8
1.2143573258072138E-7
9.280909374353996E-13
1.8174350913113813E-13
8.186229472073592E-13
2.913225216616411E-13
2.8793634143653435E-13
5.916933609739772E-13
2.0328183580886616E-13
3.4583447217073626E-13
5.458411500569583E-13
2.25208740545213E-13
2.5358167478339855E-7
4.6650529839098454E-7
2.03610397875309E-7
2.2409949451684952E-8
1.863227225841176E-7
1.5078694559633732E-7
5.171750672161579E-8
2.468004822731018E-8
7.799826562404633E-9
4.252942744711885E-7
2.94356141350427E-7
8.400529623031616E-7
3.001769074417737E-7
4.2142346501350403E-7
6.696791388094425E-7
5.707261152565479E-7
3.157183527946472E-7
5.819601938128471E-7
8.882489055395126E-8
4.1478779166936874E-7
2.0954757928848267E-7
2.1443702280521393E-7
3.648456186056137E-7
8.034985512495041E-7
2.0547304302453995E-7
5.905749276280403E-7
1.9298167899250984E-6
6.484333425760269E-7
4.991888999938965E-7
6.868503987789154E-8
3.2731331884860992E-6
9.837094694375992E-7
2.209097146987915E-6
9.052455425262451E-7
2.1168962121009827E-6
2.3818574846484752E-7
2.1958258002996445E-6
8.877832442522049E-7
1.0707881301641464E-6
2.0256266033413795E-6
2.4079345166683197E-6
2.8437934815883636E-6
3.0216760933676756E-6
2.2705644369125366E-6
2.5387853384017944E-6
7.82310962677002E-8
1.1133961379528046E-6
6.0759484803440955E-6
3.238208591938019E-6
7.888302206993103E-7
2.7008354663848877E-7
2.2668391466140747E-6
5.861744284629822E-6
4.494562745094299E-6
8.813105523586273E-6
1.6577541828155518E-6
4.5280903577804565E-6
1.3969838619370956E-6
6.2445178627967834E-6
6.904825568199158E-6
1.8104910850524902E-6
1.0253861574938128E-5
1.0345131158828735E-5
2.2705644369125366E-6
2.1476298570632935E-6
1.7285346984863281E-6
1.0089948773384094E-5
1.769326627254486E-5
4.77023422762457E-6
9.505078196525574E-6
3.900378942489624E-5
4.2680651176851825E-5
1.7587095499038696E-5
4.8317015171051025E-6
5.6549906730651855E-6
3.7144869565963745E-5
1.900643133012636E-5
4.252418875694275E-5
1.8049031496047974E-5
3.1471252455617105E-5
4.8182904720306396E-5
1.490116126490193E-6
4.443526268005371E-5
9.685754776000977E-6
3.6850571632385254E-5
3.5956501960754395E-5
4.8026442527770996E-5
3.749877396330703E-5
2.1182000637942622E-5
3.724545240402222E-5
1.3908743858337402E-4
7.306039697141387E-5
9.253621101379395E-6
3.387033939361572E-5
3.348291102156509E-5
1.1959671974182129E-4
1.4744699728908017E-4
8.003413677215576E-5
1.4504790306091309E-4
3.993512109445874E-6
9.988676552552533E-13
3.127498260369066E-13
2.325917236589703E-13
5.573319583618286E-14
5.170308625679356E-13
3.1585845050585704E-13
6.404876629062528E-13
7.152056724635258E-13
2.5912605394751154E-13
2.7700064464397656E-13
1.5226006507873535E-4
8.559228444937617E-5
1.6006827354431152E-4
1.8873810768127441E-4
3.94672155380249E-4
3.754198842216283E-4
1.384020142722875E-4
2.3365020751953125E-5
2.568960189819336E-5
1.8873810768127441E-4
9.375810623168945E-5
3.0875205993652344E-5
2.8586387634277344E-4
4.094243049621582E-4
2.251267433166504E-4
6.650090217590332E-4
3.817679826170206E-4
4.476308822631836E-4
5.112290382385254E-4
9.03368229046464E-4
2.3007394702290185E-5
0.0012850761413574219
3.35693359375E-4
0.0011566877365112305
2.8347992338240147E-4
2.0933151245117188E-4
9.548664093017578E-5
0.001649618148803711
0.0010688304901123047
5.762577056884766E-4
0.003367186523973942
0.0018248558044433594
8.034706115722656E-5
0.0018894672393798828
5.373954772949219E-4
0.0010876655578613281
0.0011084098368883133
0.0030341148376464844
5.438327789306641E-4
3.7097930908203125E-4
0.0041871145367622375
0.0030617713928222656
0.005030155181884766
0.002582550048828125
0.004242897033691406
0.005268096923828125
1.2445452739484608E-4
3.952980041503906E-4
5.812644958496094E-4
0.0023069381713867188
0.011687278747558594
0.008019447326660156
6.809235201217234E-4
0.008963584899902344
0.0078011155128479
0.00165557861328125
0.00463104248046875
0.004637718200683594
0.009802818298339844
4.405975341796875E-4
0.008308411110192537
3.757476806640625E-4
0.025272369384765625
5.22613525390625E-4
4.749298095703125E-4
5.512237548828125E-4
4.61578369140625E-4
0.00478363037109375
0.010667860507965088
0.01868259906768799
0.008754730224609375
0.03630828857421875
0.017486572265625
0.00498199462890625
8.88824462890625E-4
0.03264617919921875
0.0284194964915514
0.033145904541015625
0.020656585693359375
0.013690948486328125
0.0483551025390625
0.11495208740234375
0.0741119384765625
0.0101165771484375
0.05678558349609375
0.001434326171875
0.06670379638671875
0.037139892578125
0.04433441162109375
0.0477294921875
0.0069446861743927
0.0291748046875
0.0739593505859375
0.0050811767578125
0.0286712646484375
0.05375862121582031
0.0522308349609375
0.069671630859375
0.08076858520507812
0.0969085693359375
4.2721381987576024E-13
1.2536638394067268E-12
1.0866862965031032E-12
2.426947531830592E-13
6.810108033050714E-13
2.6778579353958776E-13
5.395683899678261E-14
5.171418848703995E-13
2.312594560294201E-12
3.377298440909726E-13
0.153411865234375
0.145416259765625
0.132598876953125
0.08587646484375
0.403472900390625
0.27288818359375
0.15637218952178955
0.233856201171875
0.35044097900390625
0.236541748046875
1.03271484375
0.027222156524658203
0.36358642578125
0.05048370361328125
0.34185791015625
0.1536865234375
0.0166015625
0.400634765625
0.34991455078125
0.112060546875
2.209228515625
0.728271484375
1.3232421875
2.68212890625
0.400390625
1.4033203125
1.201904296875
1.666259765625
0.626708984375
0.726806640625
1.951416015625
1.366943359375
1.42724609375
2.053466796875
0.60791015625
0.333740234375
1.942138671875
1.776611328125
3.11572265625
0.427490234375
4.3193359375
0.10888671875
0.083526611328125
1.3525390625
2.98291015625
0.8525390625
0.36279296875
0.3818359375
0.59765625
4.11474609375
4.3076171875
6.2744140625
0.701171875
3.2626953125
5.8017578125
6.49609375
6.201171875
12.802734375
12.7255859375
0.8116455078125
24.77734375
17.33203125
18.505859375
14.974609375
14.033203125
4.33203125
24.32080078125
9.91015625
0.451171875
0.53515625
20.294921875
1.5078125
26.0625
17.28515625
19.12109375
33.376953125
0.9921875
35.603515625
17.296875
3.484375
6.1875
43.666015625
18.291015625
70.7734375
69.84375
87.6328125
83.7265625
72.8671875
40.578125
6.1484375
33.3125
38.109375
160.140625
61.46875
86.78125
3.890625
184.75
3.875
73.640625
68.203125
2.2608581673466688E-12
5.008882197898856E-12
5.688782778179302E-13
1.958433415438776E-12
5.262457136723242E-13
4.307665335545607E-12
4.986677737406353E-12
3.736122522468577E-12
5.659916979539049E-12
9.08162434143378E-13
345.40625
133.59375
80.53125
520.1875
8.34375
28.3125
220.1875
214.25
132.375
65.640625
33.03125
304.625
15.75
630.625
798.25
66.75
487.5625
101.4375
707.5
20.4375
6.348699344016495E-12
1.5569767697343195E-12
6.146194664324931E-13
8.822276242881344E-12
5.0537352080937126E-12
6.3655747339907975E-12
4.304112621866807E-12
9.627854069549358E-13
2.1662671656486054E-12
7.934986001600919E-12
2.0827783941967937E-11
7.677414259887883E-12
3.4834357620639946E-12
9.663381206337363E-12
2.332889437184349E-11
2.4412472043877642E-11
8.167688747562352E-12
1.1709744285326451E-11
1.254818471352337E-11
8.98836560736537E-12
0.123779296875
3.6205705100655957E-11
3.8202330188141786E-11
4.2597037008820074E-12
4.5758952182950866E-11
2.1518786752494634E-11
1.062744140625
0.023681640625
0.3724365234375
0.12646484375
4.007461029686965E-11
3.3153924050566275E-11
7.664624490644201E-11
1.5091927707544528E-11
2.3213431177282473E-11
6.824762976976093E-11
1.0665246463759104E-11
3.484501576167531E-11
6.769340643586474E-11
1.0099654446094064E-10
9.184475402435055E-11
9.761436103872918E-11
7.02442548572435E-11
9.511325060884701E-11
2.2282620193436742E-11
1.944044925039634E-10
6.603784186154371E-11
6.944844699319219E-11
3.6564529182214756E-11
6.617995040869573E-11
