3.4916514124461173E-14
2.493838469064258E-13
2.051414593751133E-13
3.7406189257183087E-13
2.904898543931722E-13
1.5654144647214707E-14
2.5665580771772056E-13
7.530087664520124E-14
1.2312373343092986E-13
6.802891583390647E-14
2.05773176276125E-11
1.0956568985420745E-10
1.0834355634870008E-10
2.873719040508149E-10
2.489173311914783E-10
1.7024603948812104E-11
1.308819719270237E-10
3.7749714465462603E-10
2.1020696294726804E-10
9.228529052052181E-11
7.165112947404854E-10
5.181277629162651E-10
3.5930725061919393E-10
2.526121534174308E-10
3.1747049433761276E-10
6.30052454653196E-10
6.798472895752639E-11
1.7706724975141697E-10
4.816342880076263E-10
2.070805749099236E-10
3.731202014023438E-10
8.335518941748887E-10
7.009930413914844E-10
3.5015546018257903E-10
3.8573944038949613E-10
1.4488250599242747E-9
1.681428329902701E-10
8.18090484244749E-10
5.380798029364087E-10
6.940581442913129E-10
1.4642864698544806E-10
2.0934294298058376E-9
3.578861651510354E-10
1.4576926332665607E-9
2.2305357560981065E-10
8.235474524553865E-10
1.0534222383284941E-9
2.7223450160818174E-9
1.2250893632881343E-9
3.842615114990622E-10
2.2737367544323206E-10
4.140474629821256E-9
4.3019099393859506E-9
2.210526872659102E-9
1.0973053576890412E-9
6.011759978723291E-10
2.4274413590319455E-9
3.833520168040655E-10
5.96492100157775E-9
2.421984390821308E-9
1.6079866327345371E-9
3.868990461342037E-9
2.710294211283326E-10
1.418811734765768E-8
7.457856554538012E-10
2.9740476747974753E-10
2.3010215954855084E-10
4.9612935981713235E-9
4.749381332658231E-9
9.531504474580288E-10
5.431502358988351E-9
1.727858034428209E-8
1.4861143426969647E-9
1.1863448889926076E-8
1.4348188415169716E-8
3.728928277269006E-10
5.980837158858776E-9
1.5970726963159725E-8
2.815795596688986E-9
1.0779331205466956E-8
2.1973391994833946E-9
4.918547347187996E-9
1.5475961845368147E-8
6.515620043501258E-9
1.869193511083722E-8
2.1656887838616967E-8
2.1205778466537595E-8
1.573789631991243E-8
5.628680810332298E-8
2.608430804684758E-9
3.911554813558482E-8
1.072039594873786E-7
3.6234268918768986E-9
4.5736669562757015E-8
6.186746759340845E-8
2.3122993297874928E-8
3.3011019695550203E-8
1.4310353435575962E-7
1.0634539648890495E-7
8.702772902324796E-8
1.0033545549958944E-7
4.8283254727721214E-8
3.278546500953762E-8
6.271875463426113E-8
1.2727105060120138E-7
6.51489244773984E-8
1.2696546036750078E-7
7.030030246824026E-8
7.62520357966423E-9
9.994255378842354E-8
1.2867484855405564E-13
5.42343947529389E-13
3.760325384405405E-13
6.292188992063076E-13
1.0252909632413321E-13
6.488143355909415E-13
3.5943470422239443E-13
2.548516953027047E-13
3.3573144264664734E-13
4.6956882826521E-13
3.4019467420876026E-7
1.3795215636505328E-8
9.569339454184884E-8
1.7316779121756554E-8
2.8844806365668774E-7
6.999471224844456E-8
1.5826663002371788E-7
1.0337680578231812E-7
2.0832521843705543E-7
7.281778380274773E-8
2.809101715683937E-7
3.8975849747663197E-7
1.3154931366443634E-8
5.78584149479866E-8
2.2479798644781113E-7
5.225883796811104E-7
3.7031713873147964E-7
8.853385225632282E-8
2.573360688984394E-7
3.0011869966983795E-7
8.113829608191736E-10
8.859205991029739E-7
4.584435373544693E-7
1.3690441847021007E-7
5.871988832950592E-7
3.490131348371506E-7
3.073364496231079E-8
5.019828681618321E-7
3.8335565477609634E-7
1.0436451702844352E-10
2.3155007511377335E-6
5.85801899433136E-7
1.0274816304514656E-6
2.402812252499942E-7
1.5804544108988239E-6
1.439591869711876E-6
1.6530975699424744E-7
2.2631138563850017E-7
2.980232238769531E-7
2.4400651454925537E-7
2.9476359486579916E-7
3.748573362827301E-7
5.676411163335615E-7
2.5634654008399593E-6
3.2838433980941772E-6
3.193039447069168E-6
4.391185939311981E-7
4.301778972148895E-6
3.7904828786849976E-7
9.178184043889814E-7
1.1213123798370361E-6
7.208436727523804E-7
4.753470420837402E-6
2.2724270820617676E-6
8.362345397472382E-6
4.559755325317383E-6
2.607703212254009E-7
8.987262845039368E-7
4.494562745094299E-6
5.966052412986755E-6
5.476176738739014E-7
7.987022414113198E-6
1.6886740923371946E-5
1.6484409798067645E-5
1.0907649993896484E-5
1.261010766029358E-6
1.1628493666648865E-5
1.0497868061065674E-5
1.3345852494239807E-5
1.4379620552062988E-6
7.115304470062256E-7
2.4665147066116333E-5
2.469494972956454E-5
1.0758638495644846E-5
2.263486385345459E-5
1.652538776397705E-5
3.5021454095840454E-5
6.967037916183472E-5
1.297146081946643E-5
4.371628165245056E-5
1.7285346984863281E-6
2.0526349544525146E-5
3.428012132644653E-5
4.836171865463257E-5
3.707409086928237E-5
4.009157601103652E-5
1.0117888450622559E-5
3.2320618629455566E-5
1.691281795501709E-6
7.504969835281372E-5
2.1176040172576904E-4
1.523345708847046E-4
1.1488795280456543E-5
1.2230873289809097E-4
1.2442469596862793E-5
2.676248550415039E-5
3.904104232788086E-6
1.8641352653503418E-4
6.51329755783081E-5
6.8247318267822266E-6
5.758726828730688E-13
9.622302954426232E-13
1.6142642778049779E-13
9.653389199115736E-13
7.073230889886872E-13
5.411227022023013E-13
1.8152146452621312E-13
3.041344953658154E-12
5.800915303666443E-13
4.785061236134425E-14
1.2832880020141602E-4
3.1501054763793945E-5
1.4424324047013215E-4
2.359449863433838E-4
3.9130449295043945E-5
9.983780910260975E-5
3.152191638946533E-4
1.474618911743164E-4
2.530217170715332E-4
2.676546573638916E-4
4.315376281738281E-5
3.326535224914551E-4
5.118250846862793E-4
9.495019912719727E-5
2.086162567138672E-5
7.888674736022949E-4
3.813505172729492E-4
3.705024719238281E-4
1.3887882232666016E-5
3.123283386230469E-5
8.856058120727539E-4
5.457401275634766E-4
3.859996813844191E-4
0.0013804436894133687
5.152225494384766E-4
2.408029104117304E-5
9.310245513916016E-5
0.001145005226135254
6.417036056518555E-4
3.8874149322509766E-4
2.44140625E-4
0.001365423209790606
0.0021088123321533203
0.0012114057317376137
4.863739013671875E-5
6.184577941894531E-4
0.0012941360546392389
0.002398253418505192
0.0010247230529785156
0.001207113265991211
4.992559552192688E-4
4.5824795961380005E-4
0.0033087730407714844
0.0033907974138855934
0.0026345252990722656
3.299713134765625E-4
0.004268169403076172
0.004852771759033203
0.0037789419293403625
0.0022912025451660156
0.004519462585449219
0.005600929260253906
0.009477615356445312
0.006023436784744263
0.004450798034667969
0.0072803497314453125
0.009014129638671875
0.009064674377441406
0.0028839111328125
0.0027112960815429688
0.008180618286132812
0.004138946533203125
0.018241886515170336
0.012956619262695312
0.015577316284179688
0.017505645751953125
0.010686874389648438
0.005456984043121338
0.009531021118164062
0.019098281860351562
0.0023040771484375
0.012294769287109375
0.02558135986328125
0.002826690673828125
0.01750946044921875
0.0283203125
0.049701690673828125
0.003528594970703125
0.016247272491455078
0.002841949462890625
0.0087738037109375
0.02315521240234375
0.06726837158203125
0.050713539123535156
0.05078136920928955
0.01332855224609375
0.12563323974609375
0.10334396362304688
0.0627593994140625
0.01004791259765625
0.0502166748046875
0.174041748046875
0.013153076171875
0.092437744140625
0.004166126251220703
0.1366424858570099
0.14501953125
0.0703582763671875
0.0771484375
0.0483551025390625
1.8411938640383596E-12
1.0298428776422954E-12
1.0018652574217413E-12
5.928590951498336E-14
1.0875744749228033E-12
2.1871393585115584E-13
8.748557434046234E-14
1.7053025658242404E-13
2.72915023913356E-12
1.2239098623467726E-12
0.200775146484375
0.203887939453125
0.251220703125
0.19708251953125
0.27154541015625
0.15701675415039062
0.017059326171875
0.314697265625
0.00567626953125
0.02032470703125
0.13812255859375
0.03399658203125
0.26507568359375
0.0911865234375
0.0596318244934082
0.29205322265625
0.29168701171875
0.04833984375
0.40484619140625
0.3699951767921448
0.6649169921875
0.6248779296875
0.8389892578125
0.09228515625
0.11572265625
0.4127197265625
0.6563720703125
1.0960693359375
0.2479248046875
0.907470703125
1.887939453125
2.494384765625
1.2590341567993164
2.191650390625
0.17041015625
2.20458984375
1.5437088012695312
1.173095703125
1.875244140625
1.568359375
0.35693359375
4.13671875
0.35986328125
7.271484375
4.107421875
1.767578125
6.00439453125
4.18798828125
3.2294921875
4.8779296875
6.484375
15.3330078125
4.0703125
4.1748046875
13.9775390625
0.470703125
6.716796875
5.5556640625
14.9072265625
0.212890625
1.46875
9.587890625
17.052734375
4.390625
26.943359375
2.03515625
11.2578125
8.615234375
22.21484375
17.4296875
4.0703125
22.867431640625
16.90625
2.93359375
6.6484375
22.11328125
5.90625
5.51953125
34.75
20.515625
91.7890625
11.5390625
38.265625
8.0703125
15.921875
95.1875
70.09375
86.5234375
74.03125
50.8203125
101.5625
79.80078125
131.875
68.125
69.90625
17.15625
55.171875
209.421875
94.171875
4.92236328125
3.410605131648481E-13
8.404832385622285E-12
2.5148771953809046E-12
7.470024598887903E-12
2.41096032027599E-12
1.836308882730009E-12
1.1253220577600587E-12
4.007016940477115E-12
1.6933121571582888E-12
1.4832579608992091E-13
7.890625
7.093750000000014
14.875
304.875
273.53125
75.78125
88.53125
173.125
157.78515625
17.9375
348.5
661.0625
174.75
29.0
340.9375
821.625
284.1875
195.8125
46.8125
279.6875
6.199485369506878E-13
5.509370737399877E-12
2.468247828346648E-12
1.1766587704187285E-11
1.1796785770457067E-11
1.4184209362611E-12
8.405720564041985E-12
5.8193450058752205E-12
7.94386778579792E-12
4.071409875905374E-12
1.5063505998114124E-12
2.7853275241796444E-12
8.704148513061434E-12
1.6605383734713645E-11
7.904787935331115E-13
1.4157564010019996E-12
1.042188557676127E-11
3.602451670303708E-12
1.2235545909788925E-11
4.6487258487104555E-12
2.467004378559068E-11
1.8964385617437074E-11
4.4352077566145454E-11
1.530864324195136E-11
1.815436689867056E-11
4.522604513113089E-12
1.8072654484058148E-11
2.999911430379143E-11
4.6071590986684896E-11
2.255973186038318E-11
6.888001280458577E-11
5.0945914153999183E-11
1.2259704362804769E-10
3.033306938959868E-11
6.675549002466141E-11
3.9960923459148034E-11
3.140598892059648E-11
1.6015633264032665E-11
7.176481631177012E-11
6.515676886920119E-11
8.087397418422122E-11
7.740652563370531E-11
1.1604583960433956E-10
9.400480394106125E-11
1.5234036254696548E-11
1.3022827261011116E-10
6.757261417078553E-11
5.553602022700943E-11
1.678159833318213E-10
1.0231815394945443E-11
