7.824296766045791E-14
2.1266322036694874E-13
2.2468138460851605E-13
1.3369860774048448E-13
2.6872948311051914E-13
3.754219157769967E-13
2.8380076066980564E-13
1.5076828674409626E-13
1.7111312367035225E-13
2.581268532253489E-14
1.3886847227695398E-10
1.4659917724202387E-10
3.1721469895273913E-10
2.6290081223129E-10
5.877609510207549E-11
3.7334757507784E-10
1.3875478543923236E-10
2.254978426208254E-10
1.3707790458283853E-10
3.5981884138891473E-11
3.033733264601324E-10
5.410925041360315E-10
3.183231456205249E-11
7.30437932361383E-11
5.971401151327886E-10
6.409095476556104E-10
5.377387424232438E-10
5.265405889076646E-10
6.085656423239165E-10
8.632241588203368E-10
5.310312189976685E-10
2.9103830456733704E-11
7.814833224983886E-10
1.3102408047416247E-9
5.848050932399929E-10
6.377831596186911E-10
5.896936272620223E-10
6.136815500212833E-10
6.585878509213217E-10
1.4812258086749353E-9
2.090928319375962E-9
1.7291768017457798E-9
3.8432972360169515E-9
1.9904291548334416E-9
2.255319486721419E-9
1.2043983588228002E-9
3.5356606531422585E-10
2.5763711164472625E-9
3.10592440655455E-10
7.175913196988404E-10
7.898961484897882E-10
5.735273589380112E-9
2.9813236324116588E-9
7.817106961738318E-10
2.7066562324762344E-9
2.23781171371229E-9
4.196408553980317E-9
2.3346728994511068E-9
5.971287464496937E-9
3.1659510568749513E-9
1.0483745427363649E-8
3.864442987833172E-9
7.542439561802894E-9
5.846231942996383E-9
2.864908310584724E-10
5.915353540331125E-9
1.8462742445990443E-9
6.585651135537773E-9
4.915818863082677E-9
5.8098521549254656E-9
2.2329913917928934E-8
1.5717887436039746E-8
2.2786480258273154E-8
2.8094291337765753E-8
1.6661942936480045E-8
1.1699739843606949E-8
8.294591680169106E-10
4.2655301513150334E-9
4.4019543565809727E-10
1.2223608791828156E-8
6.51925802230835E-9
1.5796103980392218E-8
8.589267963545228E-9
1.4279066817834973E-8
3.580498741983032E-8
5.942274583546972E-8
2.735760062934662E-9
1.8702849047258496E-8
3.432433004491031E-8
6.846676114946604E-9
3.869354259222746E-8
3.918830770999278E-8
8.163624443113804E-8
9.640643838799816E-9
1.61031493917216E-7
6.985646905377507E-8
6.850314093753695E-8
3.416789695620537E-8
9.051291272044182E-8
4.6413333620876074E-8
1.0432268027216535E-7
4.687171895056963E-8
1.068110577762127E-8
5.471520125865936E-9
7.856579031795263E-8
1.1597876443947275E-8
1.449952833354473E-7
7.684866432100534E-8
2.047017915174365E-7
6.695336196571589E-8
2.6900703886667543E-13
7.087663789206999E-13
9.892087149410145E-14
3.138045379103005E-13
5.497824417943775E-13
4.824474153508618E-13
2.2976065494617615E-13
6.192824031359123E-13
2.4646951146678475E-13
4.496403249731884E-14
1.2491364034805663E-7
1.493026502430439E-7
1.3990211300551891E-7
7.424387149512768E-8
2.1705636754631996E-7
6.781192496418953E-9
1.6367994248867035E-7
2.5986810214817524E-7
2.6746420189738274E-8
1.2695090845238084E-7
4.645553417503834E-7
2.759043127298355E-8
2.7706846594810486E-8
2.0657898869291813E-7
1.6111880546398893E-7
5.848705768585205E-7
1.6239937394857407E-8
5.00993337482214E-7
6.870250217616558E-7
4.2316969484090805E-8
1.8067657947561967E-7
1.0655494406819344E-6
6.211921572685242E-7
1.1321390047946966E-6
7.33998604118824E-7
3.4831464290618896E-7
3.203749656677246E-7
8.754432201385498E-8
6.728805601770305E-8
1.270091161149206E-7
1.0542571549088109E-6
1.4209654182265052E-6
1.3110693544149399E-6
1.387670636177063E-7
7.655471563339233E-7
5.816109482914555E-7
8.796341717243195E-7
1.953914761543274E-6
4.6333298531209266E-8
1.8090941011992406E-7
1.0849907994270325E-7
7.441267371177673E-7
4.8549845814704895E-6
1.839362085004348E-7
1.2973323464393616E-6
3.925524652004242E-7
3.851484507322311E-6
8.773058652877808E-7
2.9671937227249146E-6
6.204005330832235E-6
7.329508662223816E-7
4.447065295676289E-6
1.905485987663269E-6
8.42846930027008E-6
3.168359398841858E-6
7.913447916507721E-6
8.122064173221588E-6
1.7877668142318726E-5
9.844079613685608E-6
5.7211145758628845E-6
1.30385160446167E-6
9.955838322639465E-6
1.0477378964424133E-5
1.0585412383079529E-5
7.981434464454651E-6
2.5462359189987183E-6
2.029724419116974E-5
4.3194741015106786E-6
8.139759302139282E-6
1.574680209159851E-5
3.553926944732666E-6
1.8328428268432617E-6
7.82310962677002E-7
3.0957162380218506E-6
4.620850087633244E-5
2.124905586442516E-5
2.8792768716812134E-5
2.6091933250427246E-5
6.80566714095221E-13
7.152056724635258E-13
6.882272529651345E-13
1.226796442210798E-13
5.914158052178213E-13
5.39346345362901E-13
6.81565914817384E-13
1.1980416658730064E-12
6.368239269249898E-13
9.424683256042954E-13
1.0260681193585697E-12
1.729727472365994E-13
2.4307222901143177E-12
1.3455903058456905E-12
4.3018921758175566E-12
8.055778266680146E-13
2.049471703458039E-13
2.617905892066119E-13
9.103828801926284E-14
5.910827383104333E-13
1.887379141862766E-13
2.3869795029440866E-12
2.368327756130384E-12
1.5347723092418229E-12
5.511147094239277E-13
3.850253449400043E-13
2.08233430498695E-12
4.764189043271472E-12
3.2653879600275136E-12
6.509459637982218E-12
7.380762667708299E-13
2.878586258248106E-12
1.156408302449563E-12
1.8900436771218665E-12
4.4426684553400264E-12
5.091038701721118E-12
7.0885519676266995E-12
6.4721561443548126E-12
6.643574579357228E-13
4.527045405211538E-12
1.9625190361693967E-11
1.2608580846062978E-11
1.0391687510491473E-12
1.7220003201146028E-11
2.084377115352254E-11
9.666933920016163E-12
1.4246381851990009E-12
1.2288836614970933E-11
8.386180638808634E-12
8.135714324453147E-12
2.0900614572383554E-11
4.416023102749023E-12
4.936495656693296E-11
4.543920795185841E-11
5.014300086259027E-11
2.4709123636057484E-11
8.029132914089132E-13
5.4782844927103724E-12
6.277645070440485E-12
1.0189182830799837E-11
4.04369870921073E-11
3.576161589080584E-11
3.5456082514429E-11
3.455369324001367E-11
4.597922043103608E-11
3.679900828501559E-11
2.9842794901928344E-12
2.0619950191758107E-11
2.1543655748246238E-11
4.551736765279202E-11
1.6996182239388214E-11
1.3383782970777247E-10
1.2943246474605988E-10
1.3058354397799204E-10
2.717115421546623E-11
2.4556356947869062E-11
6.52562448522076E-11
6.821210263297045E-11
1.8204104890173767E-11
7.929656931082718E-11
