3.6415315207705135E-14
1.2256862191861728E-13
1.4119261315670428E-13
1.065258992127838E-13
1.2731482534888983E-13
2.0289325775024736E-14
1.509070646221744E-13
7.663314427475143E-14
8.110179194886769E-14
1.379452108096757E-14
3.4376057556073647E-10
2.057163328572642E-10
3.0533442441083025E-10
1.3875478543923236E-10
1.2957457329321187E-10
1.2295231499592774E-10
1.298303686780855E-10
1.3082512850814965E-10
1.8002310753217898E-10
1.1374368114047684E-10
5.296101335261483E-10
3.765876499528531E-10
9.038103598868474E-11
3.8903635868337047E-10
3.2662228477420285E-10
7.017320058366749E-10
4.952767085342202E-10
2.674482857401017E-10
5.852029971720185E-10
2.894466888392344E-10
7.54425855120644E-10
6.115215001045743E-10
6.464233592851087E-10
8.458300726488233E-11
1.1192469173701568E-9
5.547917680817509E-11
5.686615622835234E-10
1.272269400942605E-9
5.737774699809978E-10
2.717115421546623E-11
2.027036316576414E-9
1.908802005345933E-9
1.2689724826486781E-9
3.7334757507778704E-10
2.4422206479357556E-9
5.834408511873336E-10
2.403339749435029E-10
5.254605639493093E-10
2.0513652998488396E-9
2.9695002012886107E-10
3.598870534915477E-9
5.052243068348616E-10
2.3424036044161767E-9
2.072283677989617E-9
9.972609404948628E-10
3.5888660932027776E-9
7.617018127348274E-10
5.695255822502077E-9
5.27961674379185E-10
4.064986569574103E-9
1.86355464393273E-9
3.99722921429202E-9
4.628418537322432E-9
4.1745806811377406E-10
1.3686076272279024E-8
4.561115929391235E-9
9.731593308970332E-10
2.0945662981830537E-9
5.411493475548923E-10
2.1345840650644507E-9
2.853994374163449E-9
2.3610482458025217E-9
4.0381564758718014E-10
3.587047103792429E-9
1.1164956958964467E-8
7.794369594193995E-9
8.911229087971151E-9
1.8444552551954985E-8
3.0577211873605847E-9
3.7471181713044643E-10
1.483567757575538E-8
5.689798854399859E-9
2.306478563696146E-8
6.810296326875687E-9
3.453169483691454E-8
1.3096723705530167E-9
3.342574927955866E-8
3.829336492355579E-8
1.8444552551954985E-8
1.8080754671245813E-9
2.0569132175513385E-8
3.370223567063235E-8
3.361492417752746E-9
3.2159732654690742E-9
3.92028596252203E-8
7.697963155979537E-8
8.491770131514154E-8
4.667526809498668E-8
1.6589183360338211E-9
2.720480551943183E-8
3.720924723893404E-8
1.700682332739234E-7
4.918547347187996E-9
4.8647052608430386E-8
7.408380042761564E-8
2.4243490770459175E-8
9.69739630887756E-8
1.3808312360197306E-7
4.825415089726448E-8
1.0849907994964214E-7
1.915134717478395E-14
2.821076705572523E-13
5.131450819817475E-13
2.671751708760439E-13
1.8068879725774423E-13
4.52138326778595E-13
1.613709166292665E-13
1.6897594434794883E-13
6.274425423669072E-13
1.8701706849810762E-13
2.5934423320168876E-7
1.3672979548573494E-7
4.1973544284701347E-7
3.8940925151109695E-8
1.2764940038323402E-7
2.7910573408007622E-8
1.206353772431612E-7
1.3457611203193665E-7
1.3603130355477333E-7
1.8498394638299942E-7
2.9546208679676056E-7
5.005276761953399E-7
1.234002411365509E-8
1.96101609728494E-7
3.8655707612633705E-7
1.6938429325819016E-8
2.7241185307502747E-8
2.9621878638863564E-7
5.523907020688057E-7
1.4132820069789886E-7
1.563457772690846E-7
1.111417077705526E-6
5.740439519303503E-7
9.21543687582016E-7
2.0721927285194397E-8
7.094349712133408E-7
1.016305760659364E-7
5.293404683470726E-7
2.3981556296348572E-8
5.448237061500549E-8
9.047798812389374E-7
5.904585123062134E-7
2.371380105614662E-6
1.6239937394857407E-6
2.1995510905981064E-6
8.100178092718124E-7
2.382555976510048E-6
2.2456515580415726E-6
1.6058329492807388E-6
2.933666110108146E-7
3.634020686149597E-6
2.598389983177185E-7
2.1993182599544525E-6
5.299225449562073E-6
5.4049305617809296E-6
3.978610040533681E-6
4.447065302670694E-7
1.4207325876071375E-6
1.5567056905751997E-6
9.485520422458649E-7
5.019828677177429E-6
2.847053110599518E-6
5.347654223442078E-6
2.3329630494117737E-6
7.2149560139678215E-6
7.715076208114624E-6
9.272247556424418E-6
3.279186792326527E-6
1.3533048331737518E-5
4.278495907783508E-6
1.0069459733585973E-5
9.778887033462524E-7
1.2794509530067444E-5
2.3107975721359253E-5
7.096678018569946E-7
7.096678018791991E-6
1.952052116394043E-6
2.283603009800572E-6
1.0482966899871826E-5
4.639849066789825E-6
2.1021814063715283E-5
4.1056424379348755E-5
1.7657876014709473E-5
9.760260581970215E-7
7.234141230583191E-5
4.0940940380096436E-6
1.9270927623438183E-5
1.0728836059570312E-6
5.930662158704081E-6
4.28222119808197E-5
8.009374148798543E-6
3.319978713989258E-5
1.0854750871658325E-4
2.259016127936775E-5
7.842481136322021E-5
9.24617052078247E-6
3.8392841815948486E-5
1.4640390872955322E-5
1.5944242477417026E-6
4.105269908905029E-6
1.1175878171343356E-5
1.6903877997265226E-4
7.961690425872803E-5
4.172325134277344E-6
1.3485550880432129E-5
9.700655937194824E-6
7.350742816925049E-5
4.1484832763671875E-5
1.6900897026062012E-4
8.040666580200195E-5
9.648948307017244E-13
1.4099832412739488E-13
5.687672555154681E-13
7.962519532611623E-13
1.4951373472626983E-12
3.0953017926549364E-13
1.7367218774211324E-12
7.860379014346108E-13
7.654987754790454E-13
9.380274335057948E-13
3.319978713989258E-5
3.6150217056274414E-5
3.4183263778686523E-5
1.990795135498047E-5
9.655952453613281E-6
1.6203523409785703E-4
2.8508907416835427E-4
1.5148520469665527E-4
7.221102714538574E-5
2.473592758178711E-5
63.34375
1.529455189483997E-4
2.0772218704223633E-4
8.087159367278218E-4
213.40625
15.21875
130.34375
161.1875
21.625
37.15625
2.040863037109375E-4
2.527237120375503E-5
0.001083970069885254
8.153915405273438E-5
7.965564727783203E-4
9.882450103759766E-4
1.1765956878662115E-4
3.3533573150634766E-4
1.443633809685707E-4
0.0012469291687011719
0.001294851303100586
7.455348968505859E-4
0.0013465890660881996
0.0010938644409179688
1.3756752014160156E-4
5.35488135938067E-4
0.0013294219979798072
0.002207757905125618
6.804466247558594E-4
0.0031008721562102437
6.437301635742209E-5
0.0028381347947288305
0.002582550048828125
0.001375202089548111
3.900546580553055E-4
7.748603820800781E-4
0.005094051361083984
8.306503295898438E-4
0.0020284652709960938
0.005100250244140625
0.007191658136434853
8.878707885742188E-4
0.004689216613769531
8.687982335686684E-4
2.1743774414062543E-4
0.00160980224609375
9.870529174804688E-4
2.4127960205078125E-4
9.717942593852058E-4
7.057338953018188E-4
0.0015678410418331623
9.784698486328125E-4
8.7738037109375E-4
0.012426376808434725
0.007274627685546875
0.001255035400390625
0.008279800415039062
0.01807403564453125
0.00927734375
0.009881973266601562
0.03505706787109375
0.03279876708984375
0.03021240234375
0.006008148193359375
0.008647933602333069
0.02447509765625
0.03531646728515625
0.0213623046875
0.0064849853515625
0.020908594131469727
0.04070281982421875
0.0361175537109375
0.06805419921875
0.0088043212890625
0.0430450439453125
0.03376007080078125
0.00567626953125
0.03488922119140625
0.0644531324505806
0.0190887451171875
0.0279083251953125
0.07855224609375
0.01361083984375
0.0077667236328125
0.07696533203125
0.07956123352050781
0.0177001953125
0.1418304443359375
0.072662353515625
0.0225677490234375
2.121192110848824E-12
1.0975664821444298E-12
2.496003403962277E-12
1.8194334927557073E-12
1.1535217225855378E-12
3.743672039036028E-13
2.059019621469816E-12
9.827694213981886E-13
9.587886040662868E-13
9.43689570931383E-14
0.1811237335205078
0.205352783203125
0.16143798828125
0.40911865234375
0.0218505859375
0.280609130859375
0.155059814453125
0.057098388671875
0.207763671875
0.0894775390625
0.20386505126953125
0.46978759765625
0.22418212890625
0.03173828125
0.08880615234375
0.18030548095703125
0.029296875
0.354827880859375
0.3878173828125
0.12249755859375
1.15380859375
0.5855712890625
0.4366455078125
1.11962890625
0.7514667510986328
0.1885986328125
0.816558837890625
0.57958984375
0.33544921875
0.5603046417236328
0.037841796875
2.1904296875
2.203857421875
2.11767578125
0.045166015625
0.110107421875
1.22119140625
0.0869140625
1.514892578125
0.148193359375
3.36865234375
1.9443359375
1.231964111328125
6.82421875
6.1201171875
6.6572265625
0.27783203125
2.3720703125
6.17626953125
4.105010986328125
4.20703125
4.48046875
9.591796875
0.978515625
6.7939453125
6.28125
8.4521484375
1.275390625
5.24609375
1.6337890625
8.234375
2.0234375
1.541015625
17.4052734375
0.4921875
8.779296875
9.470703125
4.5
11.11328125
2.298828125
24.59765625
64.4189453125
11.23828125
18.767578125
46.0390625
6.234375
9.703125
3.92578125
19.203125
35.265625
37.19921875
17.953125
26.2109375
92.69140625
6.328125
48.548828125
54.33203125
65.9296875
18.375
7.4296875
155.546875
3.9921875
30.921875
105.533203125
11.09375
112.796875
70.7109375
140.765625
46.65625
108.3125
6.036948718701751E-12
2.149391775674303E-13
4.132250097654833E-12
5.148770299001626E-12
6.3815619455454E-13
2.0228263508670352E-12
4.4941828036826337E-13
3.298694650766265E-12
4.42357261931648E-12
1.9095836023552692E-12
240.125
5.3125
149.65625
36.5
306.3125
394.78515625
83.8125
275.40625
230.625
20.78125
589.875
13.8125
516.5
395.0
554.3125
87.375
660.375
609.9375
99.375
341.1875
2.5766055955500633E-12
1.3971046541883002E-12
4.5714543261965446E-12
5.2091664315412345E-12
3.2454039455842576E-12
1.1803891197814664E-12
7.691625114603085E-12
4.334310688136611E-12
1.1256773291279387E-11
1.4065193454371183E-11
1.4193091146808001E-12
3.154809746774845E-12
1.5054624213917123E-11
1.595168441781425E-12
7.741363106106356E-12
2.163602630389505E-12
2.7231550348007003E-12
4.286349053472804E-12
9.860556815510894E-12
2.3389290504383098E-11
4.6266990239018924E-11
4.645173135031655E-11
3.1796787425264483E-11
4.4359182993503055E-11
5.448086426440568E-11
2.1028512264820165E-11
4.136424536227423E-11
3.787903324337094E-11
1.893596390800667E-11
7.830180948076304E-12
3.1619151741325285E-11
5.343281372915957E-12
3.31112914864207E-12
3.489475375317852E-11
5.046985052104157E-11
5.680789172402001E-11
7.147349379010848E-11
3.4297897855140036E-11
4.035882739117369E-11
1.5215562143566785E-10
1.0739142908279478E-10
1.4878764886816498E-11
9.669065548223443E-11
1.2278178473934531E-11
7.081268904585158E-11
1.2259704362804769E-10
1.2801137927453965E-10
1.3075407423457697E-10
2.2396307031158358E-11
3.6848746276518796E-11
