9.73388036840106E-14
1.5651369089653144E-13
6.626366122475247E-13
6.383782391594663E-15
2.609024107869118E-13
1.4166445794216997E-13
1.2659318038288347E-13
2.1316282072803006E-14
2.3425705819590803E-14
1.289246487345963E-13
3.213074251107173E-10
4.948219611834661E-11
4.362732397567015E-10
1.7200818547283163E-10
4.3070258470834233E-10
7.16227077646181E-11
3.5640823625726625E-11
1.3673684406967368E-10
7.057110451569315E-11
1.580531261424768E-10
4.575895218295058E-12
2.9109514798619784E-10
4.043840817757882E-10
2.6982860390489805E-12
1.5900170069471642E-11
2.3989699116100383E-11
2.2080115513745113E-12
1.7553958286953275E-11
1.6910917111090384E-11
4.492406446843246E-12
7.185008144006133E-10
1.5764953786856511E-9
1.2937562132719904E-10
7.980816008057445E-11
1.8042101146420464E-10
4.5497472456190735E-10
5.048832463216968E-10
7.383960110018961E-10
5.801439328934066E-10
1.599119059392251E-9
1.4563283912139013E-9
7.462404028055347E-10
2.003844201682898E-9
1.2107648217352107E-9
1.1077645467594266E-9
4.7580215323251005E-9
1.4224497135728598E-9
2.9720013117184862E-9
3.3992364478763855E-10
3.0115643312456152E-9
4.545199772110209E-9
8.003553375601768E-11
4.268713382771239E-9
7.697053661111068E-9
2.2473614080809057E-9
4.120010999031365E-10
3.424247552175075E-10
3.5061020753346384E-10
4.52700987807475E-9
6.899426807649434E-9
1.5897967386990786E-9
2.2282620193436742E-10
8.34552338346839E-9
6.68387656332925E-9
4.615685611497611E-9
6.373738870024681E-9
8.940332918427885E-10
6.889422365929931E-9
9.201357897836728E-9
5.135007086209953E-9
1.380612957291305E-9
6.071786629036069E-9
2.5094777811318636E-8
4.223693395060584E-9
9.702489478513598E-9
1.7007550923153758E-9
9.798895916901529E-9
1.3078533811494708E-9
8.330971468348443E-9
5.533365765586495E-9
1.6098056221382736E-8
2.310480340383947E-8
2.7997884899404928E-8
1.2601958587765694E-8
2.5142071535920942E-8
4.2186002247035503E-8
4.8341462389502043E-8
5.387846613302827E-9
2.9151124181225896E-8
1.2903910828754306E-8
2.2773747332394123E-8
4.06071194447577E-8
5.638867150992155E-9
4.9687514547258615E-8
4.3248292058706284E-8
1.2914824765175581E-8
3.442255547270179E-8
3.581226337701082E-8
4.526373231783509E-8
4.138564691121005E-8
9.244831744581461E-8
1.2708187568932772E-7
5.279434844851494E-8
1.683511072908539E-7
2.4584005586824643E-7
2.491287887096405E-8
3.070454113185406E-8
6.234040483832359E-8
5.3521944209960386E-8
1.5243131201714277E-7
2.544631172440859E-13
4.836686606779494E-13
5.220823773299799E-13
5.154765503334603E-13
5.473399511402022E-14
4.82058837292243E-13
4.696243394164412E-13
1.1590728377086634E-13
9.175993298526919E-14
4.071187831300449E-13
1.2689270079135895E-7
4.100729711353779E-8
2.176966518163681E-8
2.5218469091453644E-7
1.972366590052843E-7
1.8370337784290314E-7
1.6487319959290758E-7
3.292225301283064E-7
2.5186454877257347E-7
2.0983861759305E-8
3.4098047763152575E-7
3.396999092020181E-7
1.073349267244339E-7
5.299225449562073E-7
6.252666935324669E-7
6.99248630553484E-7
2.6868656277656555E-7
3.7229619920253754E-7
1.1984957382126307E-7
1.1455267667770386E-7
1.6065314412117004E-8
6.229383870959282E-7
1.5972182154655457E-7
1.0010553528339017E-6
1.069740392267704E-6
7.99889676273086E-7
1.521548256278038E-7
2.4726614378245415E-7
6.170012056827545E-7
1.2802192941308022E-6
1.6603153198957443E-6
1.4940742403268814E-6
3.7997961044311523E-7
2.52528116106987E-6
1.096632331609726E-7
1.0842923074960709E-6
1.902226358652115E-7
1.0149087756872177E-6
3.441469745624204E-6
3.741588443517685E-7
3.3229589462280273E-6
3.2507814466953278E-6
1.5264376997947693E-6
1.1757947504520416E-6
2.0549632608890533E-6
3.713183104991913E-6
2.122018486261368E-6
2.9914081167703443E-6
2.8940849006175995E-6
8.773058723932081E-7
6.2212347984313965E-6
4.084780812263489E-6
5.911104381084442E-6
7.031485438346863E-7
4.044733941555023E-6
9.471550583839417E-7
8.381903228382726E-6
9.20705497264862E-6
2.605840563774109E-6
2.4382025003433228E-6
2.043694257736206E-5
5.8319419622421265E-6
1.3709068298339844E-6
1.2898817665529805E-5
1.4450401067733765E-5
8.016824722290039E-6
9.259209036827087E-6
1.4513731002807617E-5
1.3422221172731952E-5
2.859160304069519E-6
1.3384968046148416E-5
2.9686838388442993E-5
8.307398502438446E-7
1.6279518604278564E-6
1.6070902802312048E-5
1.6763806343078613E-6
2.3692846298217773E-5
3.916025252692634E-5
2.6594847440719604E-5
1.611188054084778E-5
6.315857172012329E-5
4.2125582695007324E-5
5.041062831878662E-5
2.693384885787964E-5
5.02467173646437E-5
5.88148832321167E-5
3.407150688872207E-5
7.338821895075398E-6
6.668269634246826E-5
2.4512410163879395E-6
1.417398452758789E-4
9.59932804107666E-5
2.7865171432495117E-5
1.8866360187530518E-4
2.9534116038121283E-5
7.75754451751709E-5
1.341104507446289E-4
7.835030555725098E-5
2.4586915969848633E-5
3.919005393981934E-6
1.2458922782343507E-12
1.8778312238509898E-12
5.702105454474804E-13
4.994893387788579E-13
1.2386758285742872E-12
4.987121826616203E-13
1.4049872376631356E-12
1.1268763699945339E-13
6.971090371621358E-13
1.1005640843109177E-12
5.487799644470215E-4
2.137124556611525E-4
5.59389591217041E-5
2.2035837173461914E-4
3.6388635635375977E-5
1.4060735713883332E-4
5.9604644775390625E-6
1.2278571375645697E-5
7.510185241699219E-6
1.5944242477416992E-4
8.270144462585449E-4
3.8230419158935547E-4
4.2349123395979404E-4
3.205537796020508E-4
5.355477333068848E-4
3.206134424544871E-4
3.3718347549438477E-4
5.369186401367188E-4
3.0285120010375977E-4
2.541542053222656E-4
8.857253124006093E-5
2.777576446533203E-4
6.450414657592773E-4
2.944469451904297E-4
0.001498579978942871
0.001237630844116211
5.63502311706543E-4
0.0010776519777664362
5.176067352294922E-4
2.7179718017578125E-5
0.0011012554168701172
1.6641616821289062E-4
2.3245811462402344E-4
0.0017442703247070312
0.0017910003662109375
0.0010979175567626953
0.0012080669403076172
5.466938018798828E-4
9.748935699462891E-4
2.9754638671875E-4
0.0026416778564453125
0.0027904510498046875
0.0019512176513671875
2.9659271240234375E-4
0.002902034670114517
1.2111663818359375E-4
0.001651763916015625
0.0024385452270507812
7.448196411132812E-4
0.004261493682861328
0.0024929046630859375
0.004569053649902344
0.002475738525390625
0.019322454929351807
7.829666137695312E-4
0.004441261291503906
0.0068273842334747314
0.0011768341064453125
1.850128173828125E-4
0.0013227462768554688
0.0015659332275390625
0.008403778076171875
0.00444793701171875
0.016567349433898926
6.90460205078125E-4
0.025918960571289062
0.0019437074661254883
0.01638985052704811
0.03662300109863281
4.215240478515625E-4
0.00206756591796875
0.033267974853515625
0.03385162353515625
0.004314422607421875
0.02638244815170765
0.020267486572265625
0.007495880126953125
0.01741790771484375
0.002960205078125
0.018840789794921875
0.00653076171875
0.00742340087890625
0.02935791015625
0.104034423828125
0.00266265869140625
0.08852386474609375
0.07196831703186035
0.1174468994140625
0.10956764221191406
0.011627197265625
0.0654449462890625
0.0857086181640625
0.09637451171875
0.136260986328125
0.1518096923828125
0.0688629150390625
0.1621246337890625
0.101898193359375
0.007706165313720703
0.020050048828125
1.1153300505384323E-12
2.428057754855219E-12
2.425615264201042E-12
5.613287612504791E-13
2.9249935806774374E-12
2.6032509481410687E-12
1.4579448759377572E-12
7.296385717836529E-13
2.1544988015875788E-12
2.4804602816175247E-12
0.195556640625
0.007568478584289551
0.237060546875
0.131805419921875
0.3360595703125
0.146575927734375
0.16253662109375
0.156982421875
0.047149658203125
0.2838134765625
0.2793583869934082
0.0335693359375
0.70709228515625
0.01708984375
0.3114013671875
0.08062744140625
0.4969482421875
0.15802001953125
0.62054443359375
0.3968505859375
1.1915283203125
0.62060546875
0.55908203125
0.5362548828125
1.3397216796875
0.7213134765625
0.08642578125
1.7132568359375
0.059478759765625
0.1892261505126953
0.084228515625
1.63427734375
0.059814453125
0.1005859375
1.173583984375
1.123046875
1.1794509887695312
0.172607421875
3.301025390625
0.090087890625
1.37060546875
0.19091796875
2.29345703125
4.0966796875
0.41162109375
2.18505859375
1.130859375
0.0869140625
4.26025390625
3.68603515625
2.79296875
2.2255859375
10.236328125
3.2509765625
12.7333984375
5.3798828125
5.1103515625
2.2734375
1.607421875
1.8681640625
2.211919536421192E-11
11.353515625
7.1171875
7.55078125
9.41015625
10.82421875
5.9609375
5.24658203125
5.310546875
11.87890625
20.125
18.576171875
37.9580078125
21.296875
23.34765625
29.89453125
28.2314453125
27.71484375
43.93359375
20.390625
41.8828125
44.22265625
35.734375
7.04296875
83.28125
90.6328125
37.390625
14.1328125
51.41796875
20.515625
85.75
49.6171875
94.6875
43.90625
79.046875
66.859375
119.765625
167.08203125
131.02734375
140.1953125
5.0244253202436084E-12
2.1298518504409068E-12
3.5433878053936496E-12
2.3923085734622873E-12
2.2497559371004172E-12
8.149037000748714E-13
1.3460343950555398E-12
5.912159650733884E-12
3.807176796044587E-12
2.121414155453749E-12
206.125
214.625
189.25
43.84375
37.5703125
9.3125
5.96875
166.03125
390.87548828125
300.609375
18.75
160.1875
191.125
589.125
11.78125
52.3125
90.6875
308.125
846.375
346.625
2.5002222514558525E-12
4.761524508012371E-12
3.950617610826157E-12
5.5999649362092896E-12
4.304112621866807E-12
8.670397733112623E-12
5.7980287238024175E-12
1.0724754417879012E-11
8.36664071357518E-13
2.7391422463551862E-12
2.7187141427020833E-11
6.306066779870889E-13
8.078870905592391E-12
4.900968519905291E-12
2.0197177263980848E-11
1.231015289704477E-12
1.6605383734713567E-11
2.602718041089247E-11
2.6147972675971687E-12
1.2938983218191476E-11
3.384315050425357E-11
1.694644424787839E-11
6.213696224222076E-12
8.277822871605167E-12
5.0032866738547455E-11
1.77209358298569E-11
1.2803980098397005E-11
2.8293811737967293E-11
2.5895730004777265E-11
3.930011871489114E-11
7.105427357601002E-11
1.5276668818842154E-11
2.1948665107629495E-11
6.266986929404084E-11
4.575895218295045E-11
4.939693099004382E-11
2.4073187887552194E-11
3.3097080631705467E-11
3.5221603411628993E-11
2.3881341348896967E-11
1.6763124222052284E-10
1.4443912732531317E-10
2.2296831048151944E-11
1.0530243343964685E-11
8.526512829121202E-12
8.974154752650065E-11
7.204903340607416E-12
6.141931407910306E-11
3.923616986867273E-11
8.787992555880919E-11
