1.565692020477627E-13
2.368383267281615E-13
6.208922265216188E-14
2.7525204338019194E-13
3.6878833320486137E-13
2.7594593277058266E-13
1.6131540547803525E-13
2.2018498135878417E-13
3.0481173141083673E-13
2.460531778325503E-13
2.8819613362429664E-11
1.5259615793183912E-10
1.4122747415967751E-10
4.490630090003833E-12
9.504219633529747E-11
1.504361080151284E-10
2.100364326906856E-11
2.522995146136965E-10
6.775735528208315E-11
2.468709681124892E-10
7.14919679012389E-10
2.432898327242583E-11
5.150013748789206E-11
1.9468870959826745E-10
7.548237590528814E-10
2.800675247272011E-10
3.313402885396499E-10
1.8383161659585312E-10
5.514380063686986E-10
9.434302228328306E-10
1.7678303265711293E-10
9.368932296646847E-10
5.979927664157003E-10
7.389644451905207E-11
3.184368324582465E-10
1.0470557754160836E-9
5.464926289278083E-10
8.844835974741727E-10
1.21633547678357E-9
7.730704965070055E-11
1.225771484314464E-9
2.1618689061142504E-9
2.974729795823805E-9
1.3378667063079774E-9
1.4974830264691263E-9
1.9847448129439726E-9
2.217348082922399E-9
7.080416253302246E-10
1.1784777598222718E-9
1.359012458124198E-9
3.3787728170864284E-10
1.9776962290052325E-9
2.356500772293657E-9
2.7575879357755184E-9
2.3587745090480894E-9
3.955847205361351E-9
6.200480129336965E-9
1.4115357771515846E-9
3.4742697607895265E-10
3.3678588806719295E-9
1.9354047253727913E-9
3.5306584322825074E-9
4.350113158579916E-9
8.455572242382914E-9
6.566551746800542E-10
8.632923709228635E-9
4.665707820129003E-10
2.3874235921539366E-9
4.623871063813567E-9
3.792592906393111E-10
363.25
1.4915713109076023E-9
1.3440512702800333E-8
8.694769349057614E-9
3.5270204534754157E-9
8.494680515101251E-10
528.5625
46.125
33.375
144.75
3.980312612839043E-8
1.9492290448397398E-8
1.7742422642186284E-8
9.615177987143397E-9
4.305547918193042E-8
2.3504981072619557E-8
1.431544660601431E-8
3.536115400493145E-9
1.7655111150816083E-8
1.087391865439713E-8
4.08035703038101E-8
1.5934347175061703E-9
3.8562575356046295E-8
6.214395398274064E-8
3.9319274947047234E-8
3.9093720261014324E-8
1.6028934624046087E-8
8.077040547505021E-8
4.001049092559883E-8
3.5564880818128586E-8
1.0826624929904938E-8
1.633452484453568E-7
6.376649253070354E-8
1.240550773218274E-7
1.222215360030532E-7
3.393506631341886E-8
1.58033799380064E-7
1.7139245757358257E-7
5.717447493225336E-8
3.3178366720947473E-9
1.9811929874435918E-13
8.536504836342829E-13
5.235811784132238E-13
5.6288307348495437E-14
1.9750867608081535E-13
2.5834889783027393E-13
2.5834889783027393E-13
1.0014211682118912E-13
3.5899061501254437E-13
8.970046927458952E-13
2.157757990063321E-7
1.3445969671010971E-8
6.257323548197746E-9
2.475862856954336E-7
3.1257513910532E-8
3.285531420260668E-7
1.5515252016484737E-7
1.4173565432429314E-8
4.406319931149483E-8
1.8533319234848022E-7
7.165363063998953E-8
6.32135197520256E-8
2.5547342374920845E-7
3.130990080535412E-7
2.7706846594811163E-7
4.9243681132793427E-8
4.504108801484108E-7
3.761379048228264E-7
1.339358277618885E-7
5.6461431086063385E-8
1.2933742254972458E-6
5.246838554739952E-7
2.6659108698368073E-8
5.459878593683243E-8
1.0582152754068375E-6
5.5995769798972486E-8
4.1851308196783066E-7
1.0961666703224182E-6
3.654276952147484E-7
6.704358388454068E-7
3.6249402910470963E-6
5.774199962615967E-8
2.5655608650865247E-6
2.2959429770716758E-6
1.8277205526828766E-7
3.841705620288849E-8
3.927852958440781E-6
2.069864422082901E-6
9.755603969097137E-8
5.8673322200775146E-8
2.1560117602348328E-6
6.495974957942963E-7
4.577450454235077E-7
2.0335428416728973E-6
2.3711472749710083E-6
3.8137659430503845E-7
3.268942245782114E-7
6.548594683412207E-6
5.474314093593252E-6
5.1353126764297485E-6
2.1792948246002197E-7
3.7709251046180725E-6
1.5310943126678467E-6
1.5022233199601942E-6
1.0678544640541077E-5
4.177913069725037E-6
5.114823579788208E-6
7.165595889091492E-6
9.097158908857872E-6
8.830800652503967E-6
2.0094215869903564E-5
2.660416066652127E-5
1.1082738637924194E-5
9.192153811454773E-6
1.603923738002777E-5
9.924173355102539E-6
8.33161180935349E-6
1.7058104276657104E-5
1.751817762851715E-5
9.037554377755441E-6
2.469867467880249E-5
1.9814819099295278E-5
2.6941299438476562E-5
4.954636096954346E-6
5.2519143082463415E-5
2.6613474005898752E-5
2.5041401386260986E-5
1.5620142221450806E-5
4.51505184173584E-6
3.237277269363403E-5
4.0575861937952595E-5
1.0451674461364746E-4
3.618746995925903E-5
7.210671901702881E-5
2.115964889526367E-6
3.429502248764038E-5
3.981590270996094E-5
6.230175586097175E-5
5.3256750106811523E-5
1.6391277313232422E-6
4.112720489501953E-6
8.121132850646973E-6
1.3272464278202278E-4
1.3212859630584717E-4
7.554889180028113E-6
1.1259317398071289E-4
7.933378219604492E-5
3.11434268951416E-6
1.2508034706115723E-4
1.7188489437458543E-4
6.360467708077522E-13
1.6719958750854857E-12
1.69864122767649E-13
1.3359313655314513E-12
1.1313172620930345E-13
7.419620473569923E-13
5.669908986760676E-13
2.0691226509939042E-12
9.195977312970172E-13
1.2103651414463457E-12
2.217293149442412E-5
2.884567074943334E-4
5.328655242919922E-5
3.1146408582571894E-4
1.0123848915100098E-4
3.713369369506836E-5
2.1147727966308594E-4
1.043081283569336E-5
2.6759505273332707E-4
1.3619661332597843E-4
2.601146697998047E-4
1.391768455505371E-4
2.619625302031636E-4
3.4940248588100076E-4
4.7528755385428667E-4
2.618432050098818E-4
5.184412002563477E-4
6.609559064258974E-4
3.0511617705997196E-4
6.872427184134722E-5
5.2928924560546875E-5
5.424022674560547E-4
0.0013109445571899414
0.0010281801223754883
2.5510787963867188E-5
5.704164505004883E-4
0.0016093258745968342
1.5354156494140625E-4
5.639791488647461E-4
0.0010231733322143555
1.9454956782283261E-4
1.0013580322265625E-4
5.929470062255859E-4
0.0018351078033447266
6.215572357177734E-4
0.0024919509887695312
0.0034694671630859375
1.8692109733819962E-4
0.0010497570037841797
0.0013005733489990234
6.227497942745686E-4
0.0011010169982910156
0.007617473602294922
1.4591217041015625E-4
0.0012364387512207031
0.0038552358746528625
3.767088055610657E-4
0.0021457672119140625
0.004356861114501953
0.003048419952392578
0.009001731872558594
0.004055052995681763
0.004527093842625618
0.004909515380859375
0.008548736572265625
0.0011854171752929692
0.005101203918457031
0.0017004013061523438
0.011219978332519531
0.007325172424316406
3.8909912109375E-4
0.009548187255859375
5.7220458984375E-4
8.697509765625E-4
0.0108681321144104
0.015995025634765625
0.010229110717773438
0.016214385628700256
0.00162506103515625
0.018018722534179688
0.004868030548095703
0.02698516845703125
0.003513336181640625
0.017162322998046875
0.035053372383117676
0.01100921630859375
0.018203794956207275
0.004779815673828125
0.0128021240234375
0.025440216064453125
0.04077911376953125
0.068939208984375
0.0435333251953125
0.001953125
0.03602790832519531
0.1049652099609375
0.03502655029296875
0.09928226470947266
0.0189208984375
0.019630439579486847
0.108612060546875
0.238128662109375
0.093902587890625
0.0177001953125
0.160400390625
0.129852294921875
0.106536865234375
0.07717135548591614
0.05499267578125
0.0554656982421875
2.2659651932599445E-12
1.574296248918476E-13
1.887601186467691E-12
3.3522074005531985E-12
5.964118088286341E-13
1.949995720451625E-12
7.016609515630989E-14
3.744560217455728E-12
6.610267888618182E-13
1.0609291223317996E-12
0.00726318359375
0.4593505859375
0.04107666015625
0.049346923828125
0.024627685546875
0.02276611328125
0.396514892578125
0.0303955078125
0.204132080078125
0.2831735610961914
0.21600341796875
0.0919189453125
0.14019775390625
0.014526844024658203
0.15093994140625
0.09643560647964478
0.26422119140625
0.371826171875
0.2635498046875
0.7982177734375
1.361328125
0.845947265625
0.0997314453125
0.1035158634185791
0.34326171875
0.179443359375
1.1053466796875
0.7779541015625
1.896240234375
0.7119140625
2.181640625
1.56396484375
1.311279296875
1.24462890625
0.05615997314453125
0.26611328125
0.12890625
2.675048828125
0.04345703125
2.00048828125
1.255859375
5.71630859375
1.3974609375
0.376983642578125
0.2001953125
0.09814453125
0.14990234375
2.365234375
0.8017578125
2.492218017578125
1.01953125
4.7354736328125
4.2353515625
6.7255859375
7.6025390625
0.669921875
4.7607421875
7.974609375
1.68359375
4.6943359375
13.23876953125
5.52734375
0.54296875
10.708984375
10.34375
19.611328125
4.783203125
9.46685791015625
6.6484375
0.904296875
19.8125
1.9375
14.5625
0.957275390625
42.98828125
32.9453125
27.369384765625
18.8828125
13.81640625
4.009765625
7.5859375
41.859375
34.90625
91.8359375
73.1484375
153.94921875
3.6953125
55.4453125
36.6640625
121.6171875
11.171875
4.9453125
67.796875
39.234375
21.328125
73.03125
4.25
48.0625
160.84375
55.3828125
3.4487968036955863E-12
2.447375635483695E-12
6.297184995673888E-13
1.3824497102632465E-12
1.233679824963474E-12
2.6294522115222208E-12
2.0179413695586845E-12
5.3508308894834045E-12
5.697664562376303E-13
3.734790254839028E-12
341.09375
338.625
13.65625
584.84375
99.78125
44.125
291.828125
71.90625
17.8125
332.625
69.5
336.375
308.625
128.5
11.75
88.9375
702.6875
77.5
78.8125
66.5
1.2778222924225702E-11
3.880451515669847E-12
1.4761525335416219E-12
6.5076832811428176E-12
4.757971794333571E-12
8.546052754354605E-12
7.688072400924284E-12
1.0220269075489341E-11
6.111555705956562E-12
3.8555825199182566E-12
4.4568793100552284E-12
7.752021247142693E-12
1.3445244917420496E-11
2.34070540727771E-11
1.614886002698773E-11
2.1731949573222664E-11
3.1867841698840497E-12
1.4996004438216914E-11
8.455458555545199E-12
1.1755929563150858E-11
2.0239809828126454E-11
2.68229882749438E-12
1.9536372519723955E-11
2.0182966409265646E-11
2.4311219704031828E-11
2.9594104944408173E-12
1.5770496020195424E-11
2.4801494191706297E-11
2.4289903421959128E-11
3.002398329954324E-11
1.0022915830631973E-10
3.509370571919135E-11
7.013056801953843E-12
7.905498478066875E-11
1.4210854715202004E-12
9.232081765730982E-11
6.322409262793454E-11
5.60262947146839E-11
4.1822545426839503E-11
4.393996277940625E-11
1.7884360659081722E-10
9.090683761316045E-11
8.84767814568477E-11
1.8900436771218665E-10
6.214406766957839E-11
1.2033751772833057E-10
5.111644441058161E-11
4.476419235288631E-12
1.4433965134230675E-10
7.901235221652324E-11
