6.211697822777753E-14
3.0561664310368997E-13
1.3594680936535042E-13
1.5487611193520934E-13
1.2687073613903976E-13
1.6311951789305112E-13
1.216249323476859E-13
6.994405055138486E-15
1.3941625631730403E-13
1.2703726959273354E-13
3.838067641481757E-10
5.1869619710487314E-11
1.9977619558630977E-10
2.6341240300098434E-10
3.1454305826628125E-10
2.2254198484006338E-11
2.4138557819242124E-10
3.6908431866322654E-10
2.4203927750932063E-10
1.5361933947133366E-10
3.602735887398012E-10
8.51514414534904E-11
3.5936409403802827E-10
5.520064405573066E-10
1.3432099876808934E-10
3.759055289266293E-10
5.538822733797662E-10
7.633502718817908E-10
3.0462388167507015E-10
6.08451955486089E-10
1.354010237264447E-10
9.731593308970332E-11
1.4949819160392508E-10
6.320988177321851E-10
6.028813004377298E-10
2.8126123652327806E-10
9.254108590582062E-11
8.856204658514948E-10
2.1077539713587777E-10
6.770051186322235E-10
1.1073097994085401E-10
1.0593339538900182E-9
2.7812347980216146E-9
4.642970452550865E-10
2.864908310584724E-10
1.623448042664677E-10
1.681428329902701E-9
1.6946160030792556E-9
2.832621248671785E-9
1.9178969523636624E-9
3.140485205221921E-9
4.052253643749282E-9
2.1691448637284338E-10
8.340066415257752E-10
2.84353518509306E-9
4.8044057621154934E-9
1.3460521586239338E-10
1.5297700883820653E-9
4.5429260353557765E-10
7.385096978396177E-10
4.5838532969355583E-10
7.96990207163617E-9
2.8312570066191256E-9
3.23325366480276E-9
8.954884833656251E-9
6.915797712295005E-9
1.27965904539451E-9
2.0854713511653244E-9
1.2359123502392322E-8
4.235516826156527E-9
1.4006218407370857E-9
1.8735590856526557E-9
1.9705112208612263E-8
9.476934792473912E-10
5.165929906070232E-10
1.7564161680639214E-8
8.809365681372583E-9
2.0510924514383078E-8
1.862645149230957E-9
1.6218109522014856E-8
1.8619175534695387E-8
3.092281986027956E-9
1.9936123862862587E-9
4.351022653281689E-9
1.7473212210461497E-8
8.505594450980425E-9
9.4223651104353E-10
1.3420503819361329E-8
2.764863893389702E-9
1.7469574231654406E-8
1.6661942936480045E-9
5.580659490078688E-9
5.7269062381237745E-8
1.0615622159093618E-8
2.4141627363860607E-8
3.448803909122944E-9
1.7244019545682482E-9
4.695175448432565E-8
3.8686266634613276E-8
4.6224158722907305E-8
8.454662747738739E-9
1.5090336091816425E-8
2.5756889954209328E-8
1.1175870895385742E-8
3.424065653237431E-8
6.266054697334766E-8
2.5727786130691488E-8
1.5068508218973875E-7
1.9019353204169365E-7
2.0692823454737663E-8
3.1752378504279477E-13
2.6645352591003807E-14
2.7144952952085077E-13
7.238654120556021E-14
5.843658890114511E-13
7.940870183631432E-13
4.156675004196586E-13
6.467049118441537E-13
3.568256801145253E-13
2.1593837828959295E-13
2.52679456025362E-7
4.2127794586122036E-7
2.766028046607971E-7
6.979098543524742E-8
6.952905096113682E-8
3.1956005841493607E-7
6.481423042714596E-8
1.1181691661477089E-7
2.767483238130808E-7
2.558517735520849E-7
9.266659617424011E-8
1.2631062418222427E-7
4.7555659077758855E-8
1.449952833354473E-7
5.756155587732792E-7
1.544831320643425E-7
2.5727786123752594E-7
2.9802322387695312E-8
1.705484464764595E-8
3.584427759051323E-7
5.119945853948593E-7
1.704320311563673E-7
2.4330802261829376E-8
1.07614323519023E-6
1.1675292626023293E-6
1.8222490325570107E-6
2.6891939342021942E-8
1.8475111573934555E-7
2.4028122425079346E-7
1.5106052160263062E-6
4.586763679981232E-8
1.291278749704361E-6
2.265907825815816E-6
1.727137714624405E-6
2.6365742087364197E-6
6.123445928096771E-8
1.5583354979753494E-6
1.2682285159895668E-6
1.1543743312358856E-6
3.632158041000366E-7
3.028661012649536E-6
2.484768636179524E-6
5.4505653688252664E-6
1.082662493046005E-6
7.162801921367645E-6
2.73948535323143E-6
2.143904573870259E-6
8.67992639541626E-7
2.007000162507211E-6
5.103647708892822E-7
4.298053696061288E-6
3.25031578540802E-7
7.543712854385376E-7
4.729256048108255E-6
1.0740943253040314E-5
4.009343683719635E-6
4.284083843231201E-6
6.575137376785278E-7
6.472691893577576E-6
4.537403583526611E-6
8.082017302513123E-6
8.23475426159348E-6
8.359551429748535E-6
5.3979456424713135E-6
8.150935173034668E-6
1.3530254364013672E-5
1.3597309589385986E-6
8.026137948036194E-6
4.777684807777405E-6
1.111440360546112E-5
2.562999725341797E-5
1.2140721082687378E-5
2.3797154426574707E-5
1.9125640392303467E-5
1.6085803508758545E-5
2.7470290660858154E-5
2.4128705263137817E-5
3.6772340536117554E-5
1.9371509552001953E-6
1.631304621696472E-5
8.556246757507324E-5
3.584474347917421E-5
3.993511199951172E-6
6.807595491409302E-5
4.178285598754883E-5
1.4050304889678955E-4
6.012618541717529E-6
3.919005393981934E-6
1.1660158634185791E-5
4.0374697171330354E-5
1.4126301266514929E-5
1.1488795308878252E-5
6.435811519622803E-5
2.0997226241092903E-4
1.9718708063010126E-4
9.450316429138184E-5
7.174909114837646E-5
3.3676624298095703E-6
9.489059448242188E-5
3.904104232788086E-6
1.8995915951336428E-13
6.574740751830177E-13
1.0738077094174514E-12
6.219469383950127E-13
1.120215031846783E-13
8.337774914934926E-14
6.904476990143849E-13
1.0793588245405772E-12
3.6626257582383914E-13
2.852162950262027E-13
7.331371307373047E-6
7.528066635131836E-5
2.0524859428405762E-4
3.534555435180664E-5
7.927417982500629E-6
7.12275505065918E-6
3.2547116290970735E-4
1.360177993774414E-4
3.7074089163979806E-5
3.11166062601842E-4
5.8406612879480235E-12
3.928542137145996E-4
8.209347724914551E-4
5.012750625610352E-4
1.7893314361572266E-4
4.082918167114258E-5
5.1066706419080055E-11
3.874589538099826E-11
4.2867043248406844E-11
6.150457920739427E-11
6.819963455200195E-4
4.4083595275878906E-4
6.53744675219059E-4
1.0228157043457031E-4
2.741813841566909E-5
0.0011048316955566406
6.73532485961914E-5
4.1604042053222656E-5
4.3213367462158203E-4
1.556873321533203E-4
0.0014195442199707031
6.961831822991371E-4
0.0012235641479492188
0.0025408267974853516
7.696151733398438E-4
1.7595291137695312E-4
0.001315833069384098
0.0018219948979094625
0.0023272037506103516
1.8334388732910156E-4
0.004847526550292969
0.002273082733154297
0.0027933120727539062
0.00133514404296875
1.5020373393781483E-4
0.0029025078110862523
0.0012269020080566406
0.004422187805175781
6.933212280273438E-4
0.00327301025390625
0.004619598388671875
0.005919456481933594
9.603500366210938E-4
0.0026464462280273438
7.486344547942281E-4
2.2029876708984375E-4
0.005584716796875
0.0050106048583984375
1.6498565673828125E-4
0.008049964904785156
0.030076980590820312
0.01366424560546875
0.002468109130859375
0.005947113037109375
0.018642425537109375
0.017511367797851562
5.18798828125E-4
0.0021152496337890625
0.011110305786132812
0.00891876220703125
0.0057106027379632
0.001190185546875
0.0344243049621582
0.058444976806640625
0.021240234375
0.00103759765625
0.021427154541015625
9.9945068359375E-4
0.02782440185546875
0.04120254726149142
0.06854248046875
0.08533477783203125
0.05995941162109375
0.00698089599609375
0.02088165283203125
0.031005859375
0.005303382873535156
0.033867835998535156
0.00595855712890625
0.0407257080078125
0.0042266845703125
0.1432342529296875
0.1385040283203125
0.00775146484375
0.18057632446289062
0.00408935546875
0.203155517578125
0.013154029846191406
0.005066901445388794
0.07371711730957031
1.7030821197749901E-13
1.7603696278456482E-12
1.0813572259849025E-12
6.541434061091422E-13
1.6897594434794883E-13
1.0955680807001045E-12
1.0831335828243027E-12
1.6233681066069071E-12
5.964118088286341E-13
1.0105249970138175E-12
0.133819580078125
0.0778961181640625
0.0291748046875
0.308502197265625
0.27865612506866455
0.02374267578125
0.196136474609375
0.1488971710205078
0.14630126953125
0.023834228515625
0.610595703125
0.06475830078125
0.8271484375
0.8447265625
0.38922119140625
0.30352783203125
0.49407958984375
0.295654296875
0.2987060546875
0.1086430549621582
0.258544921875
0.77001953125
1.0250244140625
0.7135009765625
0.2176513671875
0.824951171875
0.091796875
1.1331787109375
0.34375
0.9317626953125
2.897705078125
1.1904296875
0.19140625
1.064208984375
0.313232421875
1.15087890625
1.339111328125
1.697021484375
0.711669921875
0.058349609375
0.60205078125
2.07275390625
0.13037109375
2.23974609375
0.464874267578125
3.08056640625
2.41748046875
3.7646484375
3.099609375
2.56005859375
8.7216796875
8.7833251953125
2.9384765625
2.3544921875
11.48095703125
4.7119140625
6.51953125
14.44921875
4.7822265625
3.5517578125
9.0283203125
5.546875
3.236328125
10.251953125
9.3994140625
4.9375
19.341796875
1.03369140625
2.00390625
16.525390625
19.509765625
40.75
11.82421875
42.95703125
27.20703125
18.0810546875
26.626953125
0.99609375
19.9921875
67.33203125
32.328125
33.5078125
10.453125
37.015625
49.3515625
68.0625
113.1875
54.9375
11.4921875
111.6484375
183.453125
74.453125
88.171875
16.03515625
175.515625
30.328125
11.53125
144.390625
13.6875
75.111328125
3.157474282033945E-13
1.0969003483296549E-13
2.815081501239547E-12
2.418509836843441E-12
3.425704164783396E-12
5.608846720406291E-13
2.993161274389422E-13
1.930011706008372E-12
4.53814763545779E-12
1.5822898546957731E-12
23.125
112.40625
73.1875
182.0625
144.15625
14.90625
98.1328125
31.875
14.28125
78.375
236.1875
224.6875
321.3125
651.125
194.375
118.0
28.4375
418.0625
297.8125
660.6875
6.0031979387531464E-12
1.2507328506217215E-11
1.3454126701617497E-11
4.192202140984595E-13
5.015543536046607E-12
5.46140910273607E-12
1.1873169114551287E-11
7.025491299827991E-13
8.629541525806417E-12
4.651390383969556E-12
1.7834622667578515E-12
9.301004411099711E-12
1.1972645097557688E-12
9.546141654936998E-12
6.163958232718869E-13
2.085442929455894E-11
7.101874643922201E-12
2.852829084076828E-12
4.684252985498512E-12
1.1551648526619835E-11
2.4588331370978267E-11
3.182876184837369E-11
1.6196821661651484E-11
2.5199398123731953E-11
1.638511548662791E-11
2.4371615836571436E-12
1.524114168205415E-11
1.9895196601282805E-11
4.077804760527215E-11
6.423306331271306E-12
4.361311312095495E-11
3.4141578453272814E-11
6.622968840020059E-11
8.381562111026142E-11
7.407408020299044E-11
4.441602641236386E-11
3.285549610154703E-11
3.466027465037769E-11
9.065814765563118E-11
8.917311333789257E-11
1.9610979506978765E-11
6.461675639002351E-11
7.8017592386459E-12
1.67361235980934E-10
7.645439836778678E-11
1.0146550266654237E-11
1.4813394955126569E-10
7.418066161335446E-11
2.1714186004828662E-11
1.608526645213748E-10
