8.223977054910847E-14
1.324773624133968E-13
8.354428260304303E-14
1.3516965324811294E-14
1.0472178679776792E-13
9.989231664064846E-14
2.508548924140541E-13
1.911248936892207E-13
1.565692020477627E-13
2.1668777883121493E-13
1.274429450859448E-10
2.177102942368947E-11
3.0948399398766924E-10
2.589217729109805E-11
2.627871253935171E-10
2.746105565165635E-10
1.5430146049766346E-10
7.324274520215113E-11
1.325588527834043E-10
1.8957280190079576E-11
2.465299075993773E-10
3.489049049676396E-10
5.267679625831079E-10
7.980247573868837E-10
2.871161086659413E-10
4.969820111000974E-10
1.9281287677586079E-10
3.5367975215197394E-10
2.4084556571334944E-10
5.069864528195467E-10
5.80030246055685E-10
3.2662228477420285E-10
3.0377123039215803E-10
3.8824055081931874E-10
7.764811016394845E-10
1.0254552762489766E-9
2.539763954703036E-10
1.9152821550960653E-9
6.227764970390126E-10
6.698428478557616E-10
2.273054633405991E-9
4.090452421223745E-10
2.942215360235423E-10
2.2657786757935015E-9
2.0622792362701148E-9
2.460183168295771E-9
1.528405846329406E-9
1.0918483894784003E-9
9.77252057055018E-10
1.889247869257815E-9
3.2132447813637555E-9
3.410605131648481E-10
3.5697667044587764E-10
2.3410393623635173E-9
2.6334419089835137E-9
2.218257577624172E-9
2.013166522381153E-9
6.871232471902943E-10
2.432898327242583E-9
3.137301973765716E-9
9.904397302307189E-10
4.883077053818958E-9
4.297362465877086E-9
1.2860255083069205E-9
1.3325916370376945E-8
6.548361852765083E-10
6.351910997182131E-9
8.296410669626861E-9
9.928044164553285E-9
6.469235813717615E-9
1.2303644325584173E-8
1.742409949656576E-8
1.4879333322089308E-9
1.0477378964966234E-9
2.2868334781378508E-8
5.6461431086063385E-9
1.1175870895385742E-8
8.185452315956354E-10
6.806658348068595E-9
2.275555744052707E-9
1.8335413187742233E-9
1.870284904726019E-8
4.740286385640502E-9
8.694769348949194E-10
1.4693796401843429E-8
3.816239768640901E-9
1.1728843674063683E-8
6.240225047804415E-8
8.181814337257683E-9
3.278910298831761E-8
2.327578840777278E-8
3.255263436585665E-8
4.8872607296204795E-8
5.420588422566652E-9
6.886693881824613E-8
9.937502909451723E-8
7.250491762533784E-8
5.0640664994716644E-9
4.153844201937318E-8
1.5425030142068863E-9
4.50818333774839E-8
7.87986209616065E-8
7.33125489205122E-8
1.0670919436961412E-7
1.8923310562968254E-7
1.2441887523723105E-8
1.678272383287549E-7
1.0058283805847168E-7
1.204462023460598E-7
8.15198291093111E-8
3.581579477440756E-13
3.441691376337985E-14
3.902433931557428E-14
8.976153154094391E-13
1.5437651157412802E-13
5.562217353372034E-13
7.728817585928028E-13
3.019806626980426E-13
3.1569191705216326E-13
1.4654943925052066E-14
1.5611294656991959E-7
3.65689629688859E-7
7.869675755500793E-8
4.8748916015028954E-8
7.363269105553627E-9
3.786408342594527E-8
8.021015674222753E-8
3.8970028985035876E-8
3.8518919609487057E-7
2.1274900063872337E-8
1.2863893061876323E-8
4.924950189888477E-7
1.7415732145309448E-7
6.012851383463413E-8
8.550705388188362E-8
8.684583008289337E-8
5.350448191165924E-7
5.185138434171677E-7
2.689193934202194E-7
1.5657860786156413E-8
1.2709060683846474E-6
3.8673169910907745E-7
6.274785846471786E-7
1.2724194675683975E-7
1.60920899361372E-6
8.032657206058502E-7
1.2293457984946E-7
3.0617229640483856E-7
6.549526005983353E-7
4.970934242010117E-7
5.345791578292847E-7
2.868473529815674E-7
2.1348241716623306E-6
4.4191256165504456E-7
7.606577128171921E-7
4.703179001894903E-8
1.476844774472852E-6
6.193295121192932E-8
1.1229421943426132E-6
1.2421514847885118E-6
2.3907050490379333E-6
4.0573068034177595E-6
4.2603351175785065E-6
1.5939585864543915E-6
9.126961234007247E-8
2.611894164061823E-6
2.2258609533309937E-7
3.8924627006053925E-6
3.0994415283203125E-6
1.1129304766654968E-7
2.1141022443771362E-7
4.265457400620676E-7
2.9401853680610657E-6
2.3934990167617798E-6
1.2498348951339722E-6
3.287568689502862E-7
1.2209638953208923E-6
1.1918134987354279E-5
4.017725615423906E-6
5.012378096580505E-6
3.9674341678619385E-7
8.67992639541626E-7
1.5236437320709229E-6
1.181289553642273E-5
5.5246055126190186E-6
1.798570156097412E-5
1.8496066331863403E-6
2.358667552471161E-5
8.540228009223938E-6
7.7076256275177E-6
1.770257972566469E-5
3.151595592498779E-5
2.6710331439971924E-6
1.4264136552810669E-5
8.314847946166992E-6
4.8987569698510924E-6
1.8183141946792603E-5
1.1522323347890051E-5
1.296401025641103E-6
1.924857497215271E-5
3.276020288467407E-5
6.92903995513916E-6
7.68899917602539E-6
3.9733946323394775E-5
7.7076256275177E-5
5.106627941131592E-5
5.21540641784668E-6
5.0514936447143555E-6
3.221631050109863E-5
7.972121238708496E-6
1.0283291339874268E-4
1.3728439807891846E-4
8.286535739898682E-5
6.079673767089844E-6
7.912516593933105E-5
1.1816620826721191E-5
7.086992263793945E-5
1.2478232383728027E-4
1.874566078186035E-5
3.5256147384643555E-5
5.875300246316328E-13
6.270539643082884E-13
5.591083152012288E-13
1.3925527397873338E-12
1.2290168882600483E-13
2.5146551507759796E-13
4.807265696626928E-14
1.0625944568687373E-12
3.723688024592775E-13
6.670219931947942E-13
1.4573335647583008E-4
5.653500556945801E-5
1.6233325004577637E-4
1.445412636940091E-4
3.503561019897461E-4
2.275705373904202E-4
6.753206253051758E-5
8.746981620788574E-5
2.485513698502473E-5
2.2861361503601074E-4
1.035928726196289E-4
1.2958049774169922E-4
1.3709068298339844E-4
4.565715835269657E-5
2.855062484741211E-4
4.1240453720092773E-4
8.934736257515397E-5
1.9729137420654297E-4
6.265044212341309E-4
3.345013246871531E-4
9.560585021972656E-5
2.1576881408691406E-5
0.0015777358785271645
5.9604644775390625E-5
8.008482418517815E-4
3.991127014160156E-4
9.675028268247843E-4
2.1815301806782372E-5
9.801387786865234E-4
8.58306884765625E-5
0.001392364501953125
0.002296924591064453
0.0013418253511190414
2.0837970077991486E-4
0.001451730728149414
0.0022842884063720703
4.124641418457031E-5
1.0943412780761719E-4
1.761913299560547E-4
1.1563301086425781E-4
0.004381656646728516
4.5871734619140625E-4
0.0022912025451660156
0.004059314727783203
1.4352798461914062E-4
0.004370212554931641
0.002556324005126953
4.711151123046875E-4
0.004258159548044205
0.002449512481689453
0.005066871643066406
2.0027160644531293E-4
0.004657745361328125
0.010015487670898438
0.001668006181716919
0.00412273412803188
0.006150245666503906
0.008078575134277344
0.0016050338745117188
7.238388061523438E-4
0.00833892822265625
0.009101868199650198
3.757476806640625E-4
4.99725341796875E-4
0.0022907257080078125
0.004608154296875
0.01461029052734375
0.012258529663085938
0.010042428970336914
4.673004150390625E-4
0.012844085693359375
0.01964569091796875
0.024501800537109375
0.03501176834106445
0.005859375
0.011127473786473274
0.033565521240234375
0.02242279052734375
0.06551742553710938
0.004505159333348274
0.0055391788482666016
0.058471680618822575
0.03943634033203125
0.0054168701171875
0.0145111083984375
0.040714263916015625
0.03437138348817825
0.03311920166015625
0.03302955627441406
0.050919532775878906
2.5096591471651664E-13
0.0182037353515625
0.0819406509399414
0.0039215087890625
0.0698699951171875
0.003448519855737686
0.031005859375
0.070648193359375
9.564571357145729E-14
2.000621890374532E-13
2.0472512574087887E-13
2.4995561176410774E-12
2.443378832595045E-12
2.4873436643702007E-12
1.4843681839238343E-13
1.4349632593280148E-14
1.385003223219884E-14
1.4599432773820812E-14
1.4718781748968013E-13
2.7630675525358583E-13
0.09490966796875
0.24188232421875
0.015045166015625
0.051239013671875
0.14886474609375
0.275421142578125
0.01043701171875
0.161346435546875
0.020599365234375
0.22674560546875
0.43670654296875
0.38592529296875
0.03814697265625
0.16650390625
0.39599609375
0.14166259765625
0.23291015625
0.2918701171875
0.093994140625
0.1456298828125
0.6787109375
0.65264892578125
1.707275390625
0.766357421875
0.5338134765625
0.8597412109375
0.626953125
1.2491455078125
0.1959228515625
0.245361328125
3.69384765625
0.0869140625
1.370361328125
0.12256622314453125
2.2087440490722656
2.929443359375
2.252685546875
0.445556640625
0.16796875
1.63330078125
3.78271484375
2.21923828125
2.1494140625
0.25341796875
3.63427734375
1.855499267578125
0.618194580078125
3.46142578125
4.11181640625
6.41455078125
4.556640625
0.2490386962890625
2.0439453125
9.90234375
0.2139892578125
6.58984375
0.2880859375
1.123046875
1.447265625
6.126953125
24.49609375
13.32080078125
1.109375
3.69140625
6.373046875
18.03564453125
9.107421875
15.009765625
11.107421875
2.458984375
17.98828125
19.251953125
14.984375
19.320556640625
33.59765625
0.66015625
16.98046875
1.73046875
18.07421875
17.777587890625
70.1875
42.96875
7.6796875
7.84375
42.2734375
51.75390625
34.2578125
34.84375
10.0078125
1.25
3.171875
224.59375
139.640625
36.71875
103.828125
163.84765625
76.3359375
122.4296875
3.265625
111.609375
1.63158375698913E-12
3.531397396727698E-12
5.537792446830281E-12
3.320010932839068E-12
5.0959236830294685E-12
4.357403327048814E-12
1.298516849601583E-12
8.784972749253939E-12
1.992184195387381E-12
1.4619416788264126E-12
162.09423828125
5.53125
370.0
194.875
163.40625
114.75
157.875
246.4375
141.625
159.8125
567.5
12.875
270.9375
414.3125
173.703125
275.625
122.8125
16.1875
44.5
466.9375
8.828493491819245E-13
9.312550730555813E-12
6.3833383023848E-12
9.35873600838022E-12
4.476419235288631E-12
8.639311488423118E-12
7.73514585716839E-12
2.0685675394815925E-12
2.2168933355715134E-12
2.9958258096485224E-12
1.0119904914063434E-11
1.1262102361797588E-11
9.940492873283802E-12
1.1402434552110208E-11
1.6662227153574353E-12
4.2454928461665986E-13
6.146194664324867E-13
1.8619772390593425E-11
7.910117005849315E-12
2.1175949882490386E-11
2.3732127374387346E-11
2.2783552822147612E-11
1.5774048733874224E-11
2.3096191625882057E-11
1.8196999462816166E-11
4.282796339794004E-11
2.539835008974478E-11
2.7036151095671812E-12
4.6213699533836916E-11
1.2949641359227826E-11
4.856559598920285E-11
5.0945914153999183E-11
7.30437932361383E-12
7.85220777288495E-11
3.675637572086998E-11
1.1822010037576547E-10
7.261746759468224E-11
5.1734616590692895E-11
6.352962600431056E-11
4.4714454361383105E-11
1.3454837244353257E-10
1.9311130472488665E-10
5.162803518032888E-11
1.0348344403610099E-10
1.260502813238418E-10
2.5281110538345192E-11
2.5137580905720824E-10
6.959055554034421E-11
2.332285475858953E-10
9.877965112536913E-11
