1.7871815138903457E-13
8.798517470154366E-15
7.494005416219807E-15
3.549938121238938E-14
4.135580766728708E-14
7.080447339546936E-14
1.2673195826096162E-13
2.7505775435088266E-14
1.4199752484955752E-13
5.56776846849516E-14
5.769607014375322E-12
1.5202772374323104E-10
1.0203393685518347E-11
2.3788970793248154E-11
2.248725650133565E-10
4.5503156798076816E-11
1.269597760256147E-10
9.166001291305292E-11
4.419575816427823E-11
2.430056156301197E-11
57.8359375
5.384777068684343E-10
1.8542323232395574E-10
5.843503458891064E-11
4.516778062679805E-10
6.101004146330524E-10
4.554863153316546E-10
2.737010618147906E-10
3.9551650843350217E-10
45.4140625
5.022684490540996E-10
8.652705218992725E-10
2.522369868529495E-9
1.0710436981753446E-9
1.0232952263323718E-9
5.68775249121245E-10
1.217813405673951E-9
8.290044206660241E-10
6.76550371281337E-10
1.6550529835521332E-9
1.965645424206741E-9
6.571099220330582E-11
3.851710062008351E-10
1.0854819265659899E-9
2.2009771782904863E-10
2.5111148715950615E-9
4.888534022039018E-10
1.6623289411654696E-9
3.00883584714029E-9
3.77212927560322E-10
2.578872226877138E-9
2.4429027689620852E-9
5.1463757699838085E-9
2.133219823008403E-9
2.552496880525723E-9
1.3014869182370603E-9
2.4951987143140286E-9
1.7339516489300877E-9
1.5356818039435893E-9
3.137756721130155E-9
5.803485692013161E-9
6.420123099828653E-9
5.324181984178722E-9
8.615643309922054E-9
5.46697265236046E-9
4.737557901535183E-9
1.2442797014982536E-8
5.287802196107805E-9
4.005414666607976E-9
2.0863808458670974E-9
8.543793228454888E-9
3.9108272176235914E-10
5.560650606639683E-9
6.148184183984995E-10
3.1777744879946113E-9
1.01626937976107E-8
4.654793883680623E-9
3.237801138311633E-10
1.578155206516385E-8
1.9997969502583146E-8
9.029463399201632E-9
1.0517396731302142E-8
3.529203240759671E-8
4.957109922543168E-8
1.7040292732417583E-8
2.2417225409299135E-8
2.5687768356874585E-8
2.4156179279088974E-9
6.548361852765083E-10
2.0914740161970258E-8
1.6589183360338211E-9
6.922346074134111E-8
3.055902197957039E-9
9.211362339556217E-9
3.4924596548080444E-8
4.99567249789834E-8
3.2021489460028034E-8
9.720679372549057E-8
3.736204234883189E-8
7.25194695405662E-8
1.1807424016296864E-7
3.0995579436421394E-9
1.2254167813807726E-7
7.13334884633321E-8
1.816515577957034E-7
1.0094663593918085E-7
1.2699456419798462E-7
7.516064215451479E-8
9.627547115087509E-8
2.35741026699543E-9
2.647326802218686E-13
4.1233683134578324E-13
1.5765166949677223E-13
2.4130697440227777E-13
4.983236046030015E-13
3.241851231905457E-13
7.471800955727304E-14
3.235189893757706E-13
3.444466933899548E-13
6.977751709769109E-14
2.0160223357379436E-7
1.0200892575779053E-7
1.8731225281953812E-7
1.4615943658147224E-7
1.3993121683597565E-7
2.4613109417259693E-7
1.2680538929998875E-7
2.559390850365162E-7
3.393506631949039E-8
1.7863931135730926E-7
7.252674549818039E-8
4.575122147798538E-7
2.496526576578617E-7
3.4924596548080444E-8
3.191526047885418E-7
1.0355142876505852E-7
5.538458935916424E-7
1.7811544242990474E-8
3.015156835317612E-8
3.878376447219445E-7
6.599584594368935E-7
3.119930624961853E-8
1.3866228987247098E-6
3.3422838896512985E-7
6.223563104867935E-7
9.998911991715431E-7
8.253846317529678E-7
3.050081431865692E-8
8.62637534737587E-8
3.348104655742645E-7
1.2628734111855278E-6
3.4277327376486255E-6
2.6097986847162247E-6
1.2416858226615979E-6
1.839594915509224E-6
1.825392246246338E-7
4.889443516731262E-8
1.4093238860368729E-6
5.414476618170738E-6
1.1951196938753128E-6
5.585141483521738E-6
3.543682396411896E-7
3.203749656677246E-6
2.784654498100281E-7
4.810281133416083E-7
3.871507942676544E-6
4.334840923547745E-6
2.425629645586014E-6
2.7311034500598907E-6
6.309710443019867E-7
1.2129545211791992E-5
2.989545464515686E-6
4.4871121644973755E-6
1.4722347259521484E-5
5.0533562898635864E-6
1.855194582844888E-6
1.282431185245514E-6
1.1255964636802673E-5
2.076849341392517E-7
1.1884607374668121E-5
1.8792226910591125E-5
5.688518285751343E-6
1.1933967471122742E-5
1.1513009667396545E-5
4.274770617485046E-6
4.276633262634277E-6
1.7952174005131383E-5
7.692724466323853E-7
9.34302806854248E-6
1.8315389752388E-5
5.67510724067688E-5
1.9043684005737305E-5
2.7786940336227417E-5
5.5417419389414135E-5
7.733702659606934E-6
4.913657903671265E-6
1.7181038856506348E-5
3.553926944732666E-6
2.0310282707214355E-5
5.2228569984436035E-6
4.6916306018829346E-5
3.30731272768503E-5
4.492700099945068E-6
3.264844508521492E-5
2.5220215320587158E-5
3.2082200050354004E-5
3.4302473068237305E-5
3.563612699508667E-5
2.4713575839996338E-5
1.9319355487823486E-5
1.4260411262512207E-5
4.190207258147893E-5
7.911026480655892E-5
3.108382225036621E-5
1.163482666015625E-4
5.0187110900878906E-5
1.2947618961334229E-4
1.240372675965773E-4
9.737908840179443E-5
7.423758506774902E-5
8.327782907713299E-13
1.2564393969682897E-12
5.940803404769213E-13
3.4938718584953676E-13
4.707345624410664E-13
5.196953978270358E-13
4.914957330015568E-13
1.3911094498553222E-13
2.0650148258027912E-13
9.123812816369536E-13
1.429915428161621E-4
1.3005733489990234E-4
4.799365997314453E-4
9.238720053872385E-6
4.945099353790283E-4
1.4638900756835938E-4
1.9299983978271484E-4
7.62939453125E-6
1.3685226440429688E-4
1.0758638381958008E-5
3.585219383239746E-4
7.762312889099121E-4
4.4977664947509766E-4
4.965066909790039E-5
2.0074844360351562E-4
1.947880955412984E-4
1.7881407984532416E-5
2.6172399520874023E-4
1.9812583923339844E-4
4.103186074644327E-4
3.396272659301758E-4
7.603168487548828E-4
0.0020772218704223633
1.208786852657795E-4
3.337860107421875E-5
1.5556812286376953E-4
5.171298980712891E-4
2.7930736541748047E-4
5.447865987662226E-5
1.4984607696533203E-4
0.0012202262878417969
6.530284954351373E-4
0.00226593017578125
0.001318931594141759
1.7714500427246094E-4
1.685619354248047E-4
0.002044202759861946
5.636215209960938E-4
0.002021312713623047
0.0020134449005126953
0.00639963336288929
0.002674110233783722
0.006710529327392578
0.0021848678588867188
0.0029134750366210938
0.0024700164794921875
4.9591064453125E-4
0.006888389587402344
0.008980751037597656
1.5020370483398438E-4
0.00457763671875
0.004951506853103638
6.98089599609375E-4
0.004634857177734375
0.0046863555908203125
0.009695053100585938
0.007960319519042969
0.00914764404296875
0.001956939697265625
0.005665794014930725
0.019464552402496338
0.0050716400146484375
0.010807037353515625
4.863739013671875E-4
0.008256912231445312
0.01116943359375
0.0033512115478515625
0.009851455688476562
0.001483917236328125
0.010839521884918213
0.005512237548828125
0.017566682770848274
0.0553780198097229
0.03277587890625
0.038112640380859375
0.0164947509765625
0.01937103271484375
0.016384601593017578
0.002842426300048828
0.012840509414672852
0.0410919189453125
0.08111572265625
0.044342041015625
0.03641510009765625
0.00702667236328125
0.09910011291503906
0.017425537109375
0.07760810852050781
0.001922614872455597
0.021186829544603825
0.0865020751953125
0.06988906860351562
0.0976715087890625
0.1009979248046875
0.0993194580078125
0.0438232421875
0.024993896484375
0.0703582763671875
0.10893630981445312
0.0023041069507598877
1.7719159473017498E-13
1.3777867735598193E-12
1.141753358524511E-12
8.431033649003439E-13
1.3022916078853086E-12
1.2045919817182948E-12
2.297051437949449E-12
1.1903811270030928E-12
1.7053025658242404E-13
2.5857094243519896E-12
0.290679931640625
0.0167236328125
0.01312255859375
0.0517730712890625
0.011444091796875
0.04718017578125
0.131439208984375
0.17913818359375
0.078277587890625
0.27978515625
0.30133056640625
0.2940673828125
0.05224609375
0.250946044921875
0.82568359375
0.06121826171875
0.7965087890625
0.30841064453125
0.570953369140625
0.0877690315246582
0.377197265625
0.0302734375
0.1558837890625
0.195556640625
0.6513671875
0.8060302734375
1.15869140625
0.588134765625
0.1229248046875
0.057865142822265625
2.931884765625
0.04737091064453125
1.321044921875
0.07032012939453125
1.23779296875
0.47888946533203125
2.0827713012695312
3.75146484375
0.3974609375
1.3134765625
2.1875
0.62109375
0.49560546875
3.90478515625
4.8564453125
3.5185546875
2.242218017578125
1.36865234375
0.1376953125
0.36376953125
1.4697265625
8.984375
17.7978515625
1.345703125
2.306640625
0.2607421875
4.765625
1.2333984375
4.7412109375
6.78515625
0.4375
0.9482421875
0.61962890625
21.828125
4.416015625
3.560546875
0.443359375
14.12109375
0.681640625
3.166015625
195.6953125
89.4375
155.6875
203.78125
3.9375
53.78125
76.1875
36.3125
15.1171875
40.56250000000001
23.484375
25.546875
7.189453125
2.359375
2.2578125
40.5234375
85.5078125
1.875
9.8359375
20.109375
8.28125
143.578125
98.31640625
149.203125
3.0
151.859375
91.2734375
71.53125
99.59375
29.125
2.794209308376594E-12
2.1969093211282598E-12
8.092193581887841E-12
3.3946179200938786E-12
5.493383525845275E-13
1.9118040484045196E-12
1.439737218333903E-12
3.0020430585864233E-13
5.289990667733946E-12
4.444444812179427E-12
23.0390625
14.375
367.25
24.5625
133.31640625
81.4375
195.28125
374.34765625
16.71875
104.03125
342.75
96.5
17.75
92.625
342.8125
594.5
875.75
432.0625
14.75
226.125
8.623324276868516E-12
2.9904967391303217E-12
1.13420384195706E-12
1.0410339257305168E-11
6.910028105266974E-13
4.675371201301459E-12
1.8633983245308627E-12
1.8384405109372892E-11
1.2212453270876722E-12
4.744649118038069E-12
1.4050982599655981E-12
1.0977885267493548E-11
1.2525092074611166E-11
2.297007029028464E-11
3.8902214782865526E-13
3.815969762399618E-11
2.1476154188349035E-11
8.44302405766939E-12
1.637623370243091E-11
1.0452083643031177E-11
8.807177209746443E-12
1.3510970120478305E-11
1.977795704988239E-11
1.7550405573274475E-11
3.036149109902908E-11
3.8902214782865485E-12
1.0160761121369433E-11
1.1887379969266476E-11
1.621103251636679E-11
4.217071136736195E-12
1.9717560917343607E-11
6.660627605015179E-11
1.1532108601388908E-11
1.2434497875801805E-11
3.6784797430300387E-11
4.54036808150704E-11
1.8395951428829E-11
5.6431304074067157E-11
6.951239583941226E-11
6.507150374090998E-11
3.008437943208595E-11
1.3415046851150692E-10
6.556888365594205E-11
8.334666290466306E-11
1.9676349438668694E-10
7.58575424697483E-11
7.867129170335829E-11
1.4033219031261979E-10
9.14610609470401E-11
2.333138127141865E-10
