2.4139024112912466E-13
1.662558979376172E-13
1.3572476476042539E-14
1.514899317101026E-13
3.8286041004198523E-13
2.231548279496566E-14
1.4957479699262421E-13
5.706546346573305E-14
9.25370891025068E-14
3.404221349256886E-13
2.4209612092818134E-10
1.9616663848864846E-10
2.491162831574911E-10
5.54706502953195E-10
5.226752364251297E-11
3.072386789426673E-11
2.12878603633726E-11
2.9876900953240693E-10
1.8027890291705262E-10
1.4560441741195973E-10
3.245190782764059E-10
4.5127990233595524E-10
6.916138772794511E-10
3.596483111323323E-10
3.5072389437118545E-11
1.91562321560923E-11
7.585185812786222E-10
2.880824467867872E-10
4.899334271613043E-10
2.9950797397759743E-10
1.0876419764827006E-9
1.0822986951098375E-9
8.715232979739085E-10
6.044729161658324E-10
2.715978553169407E-10
7.919425115687773E-10
2.635260898389177E-10
6.378968464559875E-10
1.0220446711173281E-9
3.7425706977955997E-10
6.302798283286393E-10
1.053876985679388E-9
8.108145266314126E-10
3.543846105458215E-9
5.061338015366346E-10
2.6261659513693303E-9
1.1896190699206842E-9
1.0754774848464876E-10
2.2487256501356827E-10
3.6197889130562544E-10
3.92901711165905E-9
1.9454091670922935E-9
1.127773430198431E-10
5.102720024297014E-9
2.4811015464369717E-9
4.897628969053995E-9
4.3319232645512335E-9
4.287358024157584E-9
2.5638655642978847E-9
3.282366378698498E-9
8.19363776827231E-9
1.4133547665558081E-8
7.922608347143978E-9
2.6539055397734046E-9
2.812157617881894E-9
5.297806637854412E-9
2.737579052337573E-10
4.197318048682064E-9
2.2910171537660062E-9
4.664798325393349E-9
1.1959855328314006E-8
9.422365110367537E-9
8.840288501503913E-10
1.2574673746739611E-8
9.331415640190244E-10
7.968992576934397E-9
1.7995262169306263E-8
2.0942025003023446E-8
1.7176716937683523E-8
7.063135853968561E-9
8.330971468240023E-9
2.7539499569684267E-9
2.618980943225324E-8
2.0700099412893948E-9
2.990418579429388E-9
6.948539521545172E-10
7.188646122813225E-9
1.661101123318076E-8
8.62200977280736E-10
4.005414666607976E-9
1.331500243395567E-8
6.901973392814398E-8
8.716597221791744E-9
9.506038622930646E-8
9.749055607244372E-8
5.583569873124361E-8
2.7379428502172232E-8
3.245077095925808E-9
7.975904736667871E-8
3.40660335496068E-8
1.4154647942632437E-7
6.76518538966775E-8
6.280606612563133E-8
1.1191878002136946E-7
1.896405592560802E-7
1.3955286704003811E-8
7.513153832405806E-8
2.3501343093812466E-8
6.267509889551492E-8
9.749783203005791E-8
3.260725023324085E-13
2.9992675010248604E-13
2.741695759311824E-13
7.726597139878778E-13
1.5937251518494122E-13
5.766498389903063E-13
3.3256730702646564E-13
2.6939561692529423E-13
2.999822612537173E-13
6.927791673660977E-14
1.2980308383703232E-7
2.6368070407678523E-8
1.7421552911400795E-7
1.7203274182975292E-7
1.4872057363390923E-7
4.3102772907810394E-7
1.594889909029007E-8
1.7604907043278217E-7
6.431946531046569E-9
2.3879692889750004E-7
6.845803000032902E-7
7.182825356721878E-8
5.508190952241421E-7
9.022187441587448E-9
2.5401823222637177E-7
9.277136996388435E-7
3.5407720133662224E-7
2.8207432478709674E-7
3.102468326687813E-8
8.096685633074158E-8
1.0919757187366486E-7
6.344635039567947E-7
1.1082738649026425E-7
1.5409896150231361E-6
1.7497222870588303E-7
2.9569491745776166E-8
1.0774238035082817E-6
1.130392774939537E-7
1.417938619852066E-7
1.9071158021688461E-6
1.0682269948603107E-6
2.0209699869155884E-6
1.1906959116458893E-6
4.072207961947072E-7
9.925570339033851E-7
1.2423843145370483E-6
2.5238841772166204E-7
2.242159101939478E-6
2.8777867555618286E-7
6.118789315232367E-7
8.097849786281586E-7
1.4640390872955322E-6
1.3457611203193665E-7
5.201436579227448E-7
3.21120023727417E-6
2.691522240638733E-7
1.7830170691013336E-6
1.2279488146305084E-6
5.983747541904449E-7
2.707354724407196E-6
9.253621186644523E-6
7.059425151112464E-7
1.1920928955078125E-5
8.147209911157915E-6
1.2798234820365906E-5
7.972121238708496E-7
4.761852324008942E-6
4.731118679046631E-6
2.0023435354232788E-7
4.383735358715057E-6
35.1640625
1.1343509029870802E-6
8.735805749893188E-7
8.903443813323975E-6
52.25390625
21.0283203125
5.22265625
26.15625
0.794921875
4.794921875
2.0015984773635864E-5
1.822039484977722E-5
9.879470098894672E-6
3.8743023651477415E-6
1.0475516319274902E-5
9.723007821094143E-7
3.108382225036621E-5
5.6896358728408813E-5
2.501159906387329E-5
4.46811318397522E-5
3.246217966079712E-5
3.6209821701049805E-5
7.102638483047485E-5
1.133158802986145E-4
3.761798143386841E-5
1.5124678611755371E-6
3.65525484085083E-5
5.4836273193359375E-6
3.743916931853164E-5
7.530301809310913E-5
6.361305713653564E-5
1.9307434558868408E-4
2.606213092803955E-5
4.334747791290283E-5
9.867548942565918E-5
1.583397388458252E-4
1.5944242477416992E-5
8.727610838832334E-5
8.845329284667969E-5
8.726119995117188E-5
2.7056135110115065E-13
1.9484414082171497E-13
1.2307932450994493E-12
5.474509734426647E-13
1.6042722705833514E-12
9.325873406851325E-14
5.397904345727511E-13
3.460565167756613E-13
5.433431482515516E-13
1.213251721310371E-12
2.9352307319641113E-4
1.233220118592726E-4
1.8030405044555664E-5
2.905726432800293E-5
1.5679001813850846E-4
3.567337989807129E-5
7.492305303458124E-5
4.5180320739746094E-5
2.893805503845215E-5
3.199279308319092E-4
2.777576451649111E-4
3.0815601348876953E-4
2.6369094854317154E-4
2.899765968322754E-4
6.006956100463867E-4
3.6597251892089844E-5
1.971721649169922E-4
4.1151046804088764E-4
7.474422454833984E-5
8.986592292785645E-4
6.95586233632639E-4
7.057192851789296E-5
0.001006484031677246
3.7038326263427734E-4
4.8625475028529763E-4
4.6372413635253906E-4
1.9812583923339844E-4
3.5643577575683594E-5
0.0011069774627685547
6.99162483215332E-4
3.669261932373047E-4
0.0022428035736083984
0.0018544197082519531
1.0538101196289062E-4
0.0015697479248046875
1.1897110380232334E-4
0.001100778579711914
6.9427490234375E-4
0.0011131763458251953
1.323223114013672E-4
0.0016827583312988281
0.00473785400390625
2.589244395494461E-4
9.889602661132812E-4
0.0010809898376464844
0.0016880035400390625
0.0023179054260253906
2.93731689453125E-4
0.0011124610900878906
1.0347366333007812E-4
6.427764892578125E-4
0.013255119323730469
0.011171344667673111
0.012876510620117188
0.009107589721679688
0.007660865783691406
0.005125045834574848
0.012438774108886719
0.013634681701660156
0.004420280456542969
0.00260162353515625
0.001834869384765625
0.008754730224609375
0.011299282312393188
0.0020695924758911133
0.013750076293945312
0.019474029541015625
0.00232887314632535
0.005977630615234375
0.001842498779296875
0.046349525451660156
0.0267791748046875
0.020458223298192024
0.034454345703125
0.019626617431640625
0.014636993641033769
0.021938323974609375
0.0201873779296875
0.022423744201660156
0.049465179443359375
0.07348632905632257
0.03279876708984375
0.0697021484375
0.05567169189453125
0.0845794677734375
0.05197906494140625
0.07319831848144531
0.05059052258729935
0.0357666015625
0.0061492919921875
0.082244873046875
0.0348358154296875
0.1411609649658203
0.0733642578125
0.143524169921875
0.0270538330078125
0.011932373046875
0.16956329345703125
0.0823211669921875
0.0072479248046875
1.2390088954816747E-13
2.3447910280083306E-13
2.0317081350640365E-13
1.1055600879217317E-12
1.1586287484988134E-12
2.226663298188214E-12
6.639133687258436E-13
9.587886040662852E-13
7.880363028789361E-13
3.518962898851896E-12
0.4632568359375
0.006103515625
0.026123046875
0.22637939453125
0.008514404296875
0.14910900592803955
0.130279541015625
0.1351776123046875
0.099090576171875
0.34039306640625
0.033447265625
0.26220703125
0.40753173828125
0.06060791015625
0.66778564453125
0.01495361328125
0.703369140625
0.799560546875
0.1722412109375
0.661376953125
1.1500244140625
1.052001953125
0.20069146156311035
0.9169940948486328
0.4161376953125
0.7117919921875
0.5417499542236328
0.0308837890625
0.6927490234375
0.2772216796875
0.46826171875
1.1943359375
0.56689453125
0.31591796875
2.615478515625
0.43994140625
0.26123046875
0.1474609375
1.505859375
0.79541015625
0.3623046875
0.301788330078125
0.1376953125
2.628448486328125
0.39306640625
0.36474609375
1.093780517578125
5.37548828125
2.094757080078125
1.39453125
1.2568359375
0.289306640625
5.083984375
0.548828125
0.8779296875
6.8359375
0.1591796875
19.7138671875
0.494140625
3.40234375
0.689453125
4.1904296875
1.392578125
8.4765625
5.8994140625
12.60546875
16.98046875
1.974609375
21.697265625
11.78759765625
3.0546875
19.27734375
27.65234375
9.09375
33.34375
13.15234375
4.8330078125
21.03125
0.890625
9.103515625
26.8203125
197.71875
56.5390625
67.6640625
33.9140625
9.734375
72.2109375
41.4375
6.4609375
41.5
123.828125
83.03125
24.0390625
71.96875
13.015625
232.203125
140.09375
200.6484375
3.328125
135.05078125
2.2253310305586638E-12
8.770761894538769E-13
8.872902412804251E-13
7.167599846980011E-13
6.8189898172477115E-12
3.063327369545732E-12
3.7481129311345285E-13
6.0249583100357995E-12
3.887112853817598E-12
1.3500311979441906E-13
251.5
200.5625
64.90625
249.453125
158.6875
152.0625
146.875
470.4375
142.0
162.59375
494.0625
356.6875
406.9375
80.0
589.5
40.875
582.125
42.625
50.875
783.6875
2.0889956431346945E-12
1.097522073223446E-11
1.8482992913959735E-12
4.277467269275803E-12
4.209965709378723E-13
6.122213846992963E-12
4.831690603168681E-13
4.990674540295004E-12
2.665423437520076E-12
2.4638069362481474E-12
1.149302875091962E-12
1.6077805753411667E-11
7.72715225139109E-12
2.1787016635244072E-11
1.7577050925865478E-11
1.5427659150191175E-11
7.670308832530385E-12
1.5072387782311125E-11
1.624123058263649E-11
6.048495038157853E-12
9.105605158765684E-12
3.188915798091371E-11
3.342748300383433E-11
2.1099566538396175E-11
4.89563944938709E-12
3.204547738278052E-11
2.4488855387971853E-11
3.306865892227527E-11
3.389288849575678E-11
1.886490963443066E-12
8.912337534638937E-11
6.766498472643434E-11
9.116263299802092E-12
4.648370577342617E-11
3.434763584664324E-11
3.385025593161117E-11
3.8902214782865485E-11
6.215117309693607E-11
4.9666937229631E-12
6.293987553362967E-11
7.109690614015562E-11
1.9589663224905962E-10
1.46044953908131E-10
2.3871393750596326E-10
3.6408209780347534E-11
1.6839862837514374E-11
7.055689366097795E-11
1.730882104311604E-11
1.4800605185882887E-10
4.271782927389722E-11
