1.869060461956451E-13
1.9359513991901167E-13
2.90878432451791E-14
1.4460654895742664E-14
2.6526003615856553E-13
4.9710235927591384E-14
1.0186296250935811E-14
3.415323579503138E-13
4.346523141407488E-14
2.644551244657123E-13
1.992361831071321E-10
2.8958879738639967E-10
3.419984295760514E-10
1.517150849395032E-10
3.817035576503258E-11
1.5202772374323765E-10
2.665956344571896E-10
2.6781776796269696E-10
7.079847819113638E-11
1.1038991942768916E-10
4.774847184307873E-11
2.0048673832206987E-10
8.094502845779061E-11
2.623892214614898E-10
2.0537527234409936E-10
4.930598151986752E-10
4.798721420229413E-10
2.4158453015843406E-11
8.274696483567823E-10
2.7483793019200675E-10
3.077502697124146E-10
1.7303136701272311E-10
7.098606147337705E-10
6.434675015043467E-10
5.393303581513464E-10
5.854872142667477E-10
7.329390427912585E-10
1.911530489451252E-9
9.185896487906575E-11
1.2545342542580329E-9
6.932623364264145E-10
9.920313459588215E-10
2.166416379623115E-9
1.3421868061413988E-9
9.879386198012668E-10
1.5620571502966983E-9
1.0502390068722889E-9
2.0509105525148938E-10
1.0320491128368303E-9
2.1514097170438617E-9
1.977241481654346E-9
4.2909960029646754E-9
2.3578650143463165E-9
9.208633855450898E-10
4.388311936054379E-10
5.002220859751105E-9
3.265540726715699E-9
3.61524143954739E-10
2.884462446672842E-9
1.0263647709507528E-9
4.021785571239889E-9
1.1405063560368045E-9
4.334651748649776E-9
4.452886059880257E-9
5.370566213969141E-9
2.291926648467779E-9
4.264620656616649E-9
2.2282620193436742E-10
1.0402800398878753E-8
2.7848727768287063E-9
1.6666490409989572E-10
9.76797309704125E-9
1.0431904229335487E-8
8.743882062844932E-9
3.001332515850663E-10
7.812559488229454E-9
8.434142273472637E-11
8.751044333621725E-11
9.083578333957121E-11
4.6071590986684896E-11
2.8707290766760707E-8
3.152308636344969E-8
1.6618287190794945E-8
1.688749762251973E-8
5.319816409610212E-8
3.830791683867574E-9
2.4898326956169364E-8
1.0415533324703574E-8
1.77096808331393E-8
1.7280399333685637E-9
5.966285243630409E-9
4.158937372267246E-8
3.9362930692732334E-8
4.101457307115197E-8
5.403126124292612E-8
3.571767592802644E-8
2.2009771782904863E-8
1.6298145055770874E-9
3.5841367207467556E-8
2.939486876130104E-9
6.995105650275946E-8
7.808557711541653E-8
3.016612026843159E-8
1.890730345621705E-7
1.1117663234472275E-8
2.5771441869437695E-8
9.311770554978893E-8
3.036984708160162E-8
1.1101656127721071E-7
5.638867150992155E-8
1.2839729279789935E-13
1.2712053631958042E-13
1.3322676295501878E-14
1.9817480989559044E-13
6.856737400084967E-13
4.2521541843143495E-13
2.843281166065026E-13
5.839773109528323E-13
2.7133850721838826E-13
3.075872889723996E-13
1.7898855730891228E-7
2.9132934287190437E-7
3.023887984454632E-8
1.2488453648984432E-7
2.4097971618175507E-8
2.325396053493023E-8
2.0067091099917889E-7
2.930755726993084E-8
2.917076926678419E-7
2.0052539184689522E-8
6.847549229860306E-7
2.8923386707901955E-7
3.171735443174839E-7
5.414476619280961E-7
3.086170181632042E-7
2.0838342612572447E-7
3.182794898748398E-7
3.2800016924738884E-7
1.5657860785722733E-8
3.417953848838806E-7
8.064089342951775E-7
5.040783435106277E-7
7.484341040253639E-7
5.631009116768837E-7
8.654315024614334E-7
6.298068910837173E-8
4.011671990156174E-7
2.3632310330867767E-8
2.0489096641540527E-8
5.556503310799599E-7
1.7296988517045975E-6
2.43261456489563E-6
5.455221980810165E-7
5.795154720544815E-7
7.59027900532061E-8
3.405380994081497E-6
2.093147486448288E-6
1.0081566870212555E-6
1.2367963790893555E-6
4.230532795190811E-7
3.8906000554561615E-6
6.84056431055069E-7
2.966262400150299E-6
3.1031668186187744E-6
1.1599622666835785E-6
2.742744985795298E-6
8.12159851193428E-6
5.692243576049805E-6
2.3641623565495706E-6
8.243601770985265E-6
2.8209760785102844E-6
6.938353465102409E-7
4.948116838932037E-6
7.227063182568827E-6
5.898997201936318E-6
1.3944692913270273E-5
2.323649823776641E-6
4.301778972148895E-6
2.849847078323364E-7
1.4804303646087646E-5
1.2435019016265869E-5
5.345791578292847E-7
2.8163194798480617E-6
1.7151236534118652E-5
2.8777867555618286E-6
1.1021271347999573E-5
3.3620744943618774E-6
5.805864930152893E-6
9.411945995907445E-6
1.3006851077079773E-5
1.9058585166931152E-5
2.120062731592043E-5
2.3283064365386963E-5
4.567205905914307E-6
5.05298376083374E-5
1.9222497940063477E-6
8.620321750640869E-6
1.701340079307556E-5
8.791685104370117E-7
4.719570279121399E-5
2.1383166313171387E-6
3.38628888130188E-5
7.443130925821606E-6
5.252659320831299E-6
1.112520694732666E-4
7.071346044540405E-5
3.458559513092041E-5
2.16364878724562E-5
2.0936131477355957E-5
2.2582709789276123E-5
6.632506847381592E-5
9.353458881378174E-5
1.608133316040039E-4
7.644295692443848E-6
1.599043607711792E-4
3.3780932454874346E-5
6.508827209472656E-5
7.329881191253662E-5
6.423890590667725E-5
4.082918167114258E-6
1.0779155346085645E-12
2.3303581286882036E-13
1.8842705173938157E-12
1.111333247649782E-12
7.762679388179095E-13
1.475486399726833E-13
3.6415315207705135E-14
3.2374103398069565E-13
1.0595968547022504E-12
3.0520030946945553E-13
8.377432823181152E-5
1.7517805099487305E-4
9.447336196899414E-6
1.683831214904785E-5
1.0538101196289062E-4
1.4546513557434082E-4
6.3478946685791016E-6
1.7225742351456574E-4
1.3381242752075195E-5
1.442730444978224E-4
5.183815956115723E-4
7.764697074890137E-4
6.235838086467993E-4
3.203749661793154E-4
6.64830207824707E-4
1.3935565948486328E-4
4.7326087951660156E-5
4.704594612121582E-4
4.923355322716816E-5
5.469322209137317E-4
0.0017691850662231445
9.334087371826172E-5
6.691217422485352E-4
8.690357208251953E-5
5.152225494384766E-4
5.968809127807617E-4
5.301237106323242E-4
6.453990936279297E-4
4.546642303466797E-4
0.001111149787902832
2.930164337158203E-4
0.0012285709381103516
5.936623347224668E-5
0.0010907649993896484
0.0025556087493896484
5.1975250244140625E-5
0.002335071563720703
0.0015447139739990234
0.0012202262878417969
0.001035928726196289
0.007957935333251953
6.008148193359375E-4
0.0014281272888183594
1.8453598022460938E-4
0.0033102035522460938
0.0021142959594726562
7.104873657226562E-5
3.147125244140625E-4
0.0033922195434570312
0.007941246032714844
2.1839153487235308E-4
0.012372016906738281
0.005555152893066406
0.0024995803833007812
0.0037641525268554688
0.007076263427734375
0.008745195344090462
0.0028371810913085938
0.0016145706176757812
7.934868335723877E-4
6.198883056640625E-4
0.008358001708984375
0.008571624755859375
3.681182861328125E-4
0.020238876342773438
0.016397476196289062
0.006866455078125
0.011913299560546875
0.009994507301598787
0.006877899169921875
0.041469573974609375
0.013363122940063477
0.03271484375
0.0191802978515625
0.051647186279296875
9.42230224609375E-4
0.016521453857421875
0.01271820068359375
0.0183868408203125
6.59942626953125E-4
0.03282929211854935
0.00331878662109375
0.0135575532913208
0.00638580322265625
0.0137939453125
0.02208709716796875
0.0879516676068306
0.09346771240234375
0.047393798828125
0.0740433931350708
0.0824737548828125
0.0149688720703125
0.0147552490234375
0.065673828125
0.0997161865234375
0.2056427001953125
0.008548736572265625
0.017242431640625
0.0889129638671875
0.1459674835205078
5.617728504603292E-14
2.496225448567202E-12
1.120215031846783E-12
1.0935696792557808E-12
1.0254019855437946E-12
1.0698109065288008E-12
2.098543561146471E-12
1.5256684804398901E-12
1.170175067954915E-12
3.3706371027619753E-13
0.3273468017578125
0.4466896057128906
0.006713867187500014
0.2939152717590332
0.185394287109375
0.006378173828125
0.061981201171875
0.44378662109375
0.30548095703125
0.15533447265625
0.3121953010559082
0.014160633087158203
0.4161376953125
0.19757080078125
0.38330078125
0.471435546875
0.08197021484375
0.01416015625
0.811279296875
0.09765625
0.0277099609375
0.1602783203125
0.71343994140625
1.0350341796875
2.46484375
1.0947265625
0.6602783203125
0.03173828125
0.18994140625
1.6270751953125
0.06396484375
0.316650390625
1.623046875
3.414794921875
1.63671875
1.209228515625
0.187255859375
1.128662109375
1.12939453125
1.18212890625
2.2021484375
0.373046875
0.3330078125
2.497589111328125
4.1181640625
2.7880859375
1.58984375
1.8388671875
4.41796875
0.28515625
10.22265625
2.3603515625
4.357421875
3.4560546875
5.5009765625
0.37890625
6.47265625
11.705078125
4.955078125
9.1767578125
6.341796875
0.583984375
8.4375
15.65234375
0.322265625
21.990234375
13.44140625
8.701171875
9.806640625
0.853515625
5.7705078125
11.96875
50.45703125
17.68359375
19.4453125
17.375
18.078125
2.5546875
2.75
3.7939453125
21.625
3.6796875
64.7421875
42.7587890625
42.90625
81.8828125
48.51953125
75.15625
1.4765625
39.546875
310.33203125
159.359375
100.484375
29.25
42.578125
2.640625
36.6875
186.90625
85.25
68.671875
2.3452351172181807E-12
3.995026531811163E-12
2.5264235148370062E-12
7.631228982063476E-12
2.6485480475457734E-12
7.318590178329064E-13
4.50306458787964E-13
2.9882762930810713E-12
2.4553692412609962E-12
5.0390802641686605E-12
16.8125
35.625
357.46875
8.5
70.875
151.46875
691.1875
311.5
180.15625
223.15625
15.875
578.5625
586.8125
40.5
23.8125
302.0
268.375
161.5625
397.625
22.25
6.676437180885841E-12
7.815970093361102E-13
8.254730232692964E-12
8.239631199558088E-12
9.2255092454252E-12
4.074962589584178E-12
6.97752966516419E-12
6.063594071292755E-12
5.9898752624576446E-12
1.18731691145513E-11
5.295319738252147E-12
9.981349080590007E-12
1.3287149158714395E-12
7.744915819785092E-13
1.98596694644948E-12
6.8620664706031675E-12
2.8080648917239185E-11
1.2370549029583344E-11
7.016609515630989E-12
8.570921750106208E-12
5.173106387701451E-11
4.551026222543442E-12
3.9328540424321545E-12
3.8181013906068983E-11
7.688072400924284E-12
3.2315483622369563E-11
2.758326900220709E-11
3.5967673284176284E-11
2.5590196628400008E-11
1.2114753644709726E-12
2.0186519122944446E-11
9.109157872444484E-12
7.222666909001418E-11
3.4575009522086475E-11
3.2457592169521376E-11
9.400480394106125E-12
3.7140068798183745E-11
1.1198153515579179E-11
2.7505109301273478E-11
1.0172129805141594E-10
1.7423928966309177E-10
1.4277645732363453E-10
2.0840218439843738E-10
1.03554498309677E-10
2.5423219085496385E-11
6.909317562531214E-11
6.842526545369806E-11
8.982681265479187E-11
3.41756845045893E-10
8.39861513668441E-12
