1.990074771640593E-13
1.2992384945675894E-13
2.1940782524154656E-13
2.2909452113140105E-13
1.2936873794444637E-13
3.0309088572266774E-13
1.2592704656810838E-13
3.391731340229853E-14
2.5501822875639846E-13
1.1823875212257917E-13
4.219486982037779E-10
1.7922729966812767E-10
2.908677743107546E-10
2.0975221559638157E-11
4.000639819423668E-10
2.2509993868879974E-11
4.3584691411524545E-10
2.5323743102493383E-11
1.7487877812527917E-10
2.58665977526107E-10
8.29345481179189E-11
5.498463906405959E-10
1.2852297004428692E-10
4.953335519531869E-10
6.086793291615322E-10
4.2302872316213325E-10
5.405809133662842E-11
2.935394149972126E-10
4.8771653382573277E-11
4.5281467464519665E-10
1.6336798580596223E-10
2.677325028344322E-10
5.868514563189838E-10
9.367795428261161E-11
1.1617657946772471E-9
1.6962076188107463E-10
1.1937117960769683E-10
8.603819878771901E-10
2.874003257602453E-10
5.521769708138907E-10
3.54702933691442E-11
2.13299244933296E-9
3.9744918467476964E-10
2.6163888833261183E-9
1.7485035641584545E-10
2.4422206479357556E-9
2.608430804684758E-9
2.214164851466194E-9
2.5793269742282362E-9
1.2200871424283832E-9
2.0158950064796954E-9
2.689375833142549E-9
6.655227480223402E-9
2.1914274839218706E-9
2.7921487344428897E-10
2.2332642402102016E-9
4.039975465275347E-9
2.665274223545566E-9
4.938556230635471E-10
2.2096173779641054E-9
7.148628356206266E-10
1.6134436009451747E-9
2.1236701286397874E-9
9.055838745553046E-9
1.5930709196281716E-8
2.3219399736262858E-9
2.0309016690589488E-9
1.6552803572267294E-10
4.1136445361189544E-9
1.534317561918035E-9
8.458300726488233E-9
1.0559233487583697E-8
9.089490049518645E-9
1.7822458175942302E-8
9.074938134290278E-9
1.3169483281672E-9
1.2989403330720961E-8
7.312337402254343E-10
4.8494257499074635E-9
1.4475517673417926E-8
9.60062607191503E-9
2.5014742277562618E-8
6.210029823705554E-9
4.372850526124239E-9
3.2487150747328997E-9
2.4963810574263334E-8
2.637534635141492E-9
2.0445440895872367E-9
2.3166649043560028E-8
3.881723387166859E-9
2.2839230950921774E-8
5.602487362921238E-9
8.672941476106644E-9
7.254129741340876E-8
4.6566128730773926E-8
1.5053956305480232E-8
1.8364517018198967E-8
5.0771632231988786E-8
8.399365469856715E-8
5.057518137792372E-8
1.280568540096283E-7
2.112938091245603E-8
1.395965227926655E-7
7.744529284536839E-8
1.752050593495369E-8
5.50062395632267E-9
9.401992429047823E-8
5.292531568557024E-8
7.500057108700275E-8
2.3756001610308886E-7
2.876587856803781E-13
6.943889907518042E-13
1.557087792036783E-13
3.1108449149996886E-13
3.9818148778181244E-13
5.26856336335868E-13
2.9243274468626623E-13
5.88418203051333E-14
5.523914659022466E-13
8.520406602485764E-13
1.786684151738882E-7
5.995389074087143E-8
1.510197762399912E-7
9.563518688082695E-8
7.325434125959873E-8
2.1845335141518207E-7
2.4141627363947343E-7
2.7823261923576315E-8
2.3836037144064903E-8
1.1138035915791988E-7
4.1688326746225357E-7
1.2398231774568558E-8
2.7974601835017857E-7
1.1525116860866547E-8
3.437744453549385E-7
3.5384437069296837E-7
5.086185410618782E-7
4.120520316064358E-7
6.596092134714127E-7
6.100744940340519E-7
1.591397449374199E-7
4.762550815939903E-7
1.8079299480069921E-7
6.2515027821064E-7
3.550667315894984E-8
4.045432433485985E-7
1.7242273315787315E-6
1.2846430763602257E-6
4.051253199750804E-8
8.032657206058502E-8
6.165355443954468E-7
1.828651875257492E-6
4.936009645462036E-8
5.2386894822120667E-8
1.4901161193847656E-6
3.4419354051351547E-6
6.004702299902687E-7
1.301756128668785E-6
1.7182901501655579E-6
1.1990778148174286E-7
3.973487766373296E-6
6.005633622407913E-6
3.0975788831710815E-6
1.2237578630447388E-6
3.2456591725349426E-7
2.4959444999694824E-7
4.160683605647364E-6
4.26173210144043E-6
2.359505743232404E-6
1.1641532182693481E-7
4.5169145579393444E-7
4.805624557180366E-7
6.639398634433746E-6
5.967915058135986E-6
6.69620931148529E-7
1.0266900062561035E-5
5.320645868889251E-6
5.429610638429949E-6
2.571381628513336E-6
5.819834768772125E-6
1.8402934074401855E-6
1.0076910257339478E-5
2.0265579223632812E-5
1.5838071703910828E-5
1.13658607006073E-5
8.333474397659302E-6
5.671754479408264E-6
7.594004273414612E-6
5.029141902923584E-7
8.072704076766968E-6
3.1191855669021606E-5
4.67151403427124E-6
2.200901553806034E-5
1.9483270534692565E-6
2.9243528842926025E-5
2.0265579223632812E-6
3.822147846221924E-6
1.0054558517547107E-5
2.0917505025863647E-5
3.731623291969299E-5
4.459543845314355E-12
6.527453666649308E-5
8.217426739065584E-12
5.051958851254312E-12
1.1031175972675814E-12
4.82103246213228E-12
6.856737400084967E-13
7.691625114603085E-13
4.5572434714813426E-12
8.512301974406E-12
1.7668307191343047E-4
1.0952353477478027E-5
1.6729534036130644E-4
7.230043411254883E-5
1.4542043209075928E-4
1.2323260307312012E-5
3.546476364135742E-6
4.51207160949707E-5
8.4295872511575E-5
6.636977195739746E-5
1.5611956172278951E-12
1.6922019341336636E-12
6.626921233987559E-13
9.992007221626409E-13
2.823297151621773E-13
1.1057821325266559E-13
1.5111245588173006E-12
8.532063944244336E-13
2.0439205883349132E-13
5.802025526691068E-13
2.7689337730407715E-4
5.795359611653339E-4
1.4293193817138672E-4
1.6638636589050293E-4
2.377927303314209E-4
1.8340349197387695E-4
6.183981895446777E-5
1.2919306755065918E-4
3.649294376373291E-4
3.695487976074219E-5
3.063082695007324E-4
5.75721263885498E-4
4.45246696472168E-5
8.034110073822376E-4
3.520846366882324E-4
6.834268569946289E-4
1.1867284774780273E-4
9.025335893966258E-4
8.380413055419922E-5
1.1217594146728516E-4
6.254916079342365E-4
5.259513854980469E-4
6.289482116699219E-4
2.1922588348388672E-4
1.5354156494140625E-4
1.5401840209960938E-4
5.7220458984375E-5
7.050037384033203E-4
5.159378051757812E-4
6.965398788452148E-4
0.0016021728515625
0.0015938282012939453
0.0012598037719726562
0.0010380745006841607
1.747608184814453E-4
0.00230288506281795
0.002156973823730368
6.103515625E-5
0.001277923583984375
0.0015943069010972977
0.002285480499267578
3.595352463889867E-4
8.330345153808594E-4
9.441375732421875E-5
0.004103660583496094
0.005288600921630859
0.0014348030090332031
0.0024318695068359375
1.3685226440429688E-4
0.002277851104736328
0.004820823669433594
0.006302833557128906
5.035400390625E-4
7.753372192382812E-4
0.0028028488159179688
0.0020656585693359375
0.0015697479248046875
0.010297775268554688
0.0030050277709960938
2.2125255782157183E-4
0.0076465606689453125
0.017591476440429688
0.011217236518859863
0.0013599395751953125
0.001033782958984375
0.010492324829101562
9.918212890625E-4
4.8065185546875E-4
0.0052471160888671875
0.009441375732421875
0.02045440673828125
0.0204622745513916
0.010768890380859375
0.030643463134765625
0.002887725830078125
0.03150224685668945
0.0021973252296447754
0.003040313720703125
0.016578674549236894
0.0204086322337389
0.005889892578125
0.01949310302734375
0.017357349395751953
0.0428471565246582
0.00927734375
0.00754547119140625
0.0113067626953125
0.0057373046875
0.00545501708984375
0.12715911865234375
0.11035159230232239
0.065826416015625
0.2691650390625
0.00347900390625
0.0034942924976348877
0.0811309814453125
0.006500273942947388
0.0511016845703125
0.0824432373046875
0.136962890625
3.2387426074365067E-12
2.496225448567206E-12
6.041833700010102E-13
9.370282327836362E-14
4.141131881851834E-12
2.4535928844215976E-12
2.078559546703219E-12
1.648459146963434E-12
2.311484337269576E-13
1.5414336473895673E-12
0.43585205078125
0.22503662109375
0.3125762939453125
0.088470458984375
0.1340179443359375
0.2812652587890625
0.259124755859375
0.165283203125
0.146087646484375
0.189788818359375
0.19256591796875
0.1496586799621582
0.1859130859375
0.03155517578125
0.2767338752746582
0.145904541015625
0.51068115234375
0.1707763671875
0.2644043564796448
0.54669189453125
0.591796875
0.4117431640625
0.2567138671875
0.530029296875
0.5601806640625
1.6529541015625
1.125
0.2845458984375
0.294586181640625
0.3717041015625
0.0654296875
1.673583984375
3.9406747817993164
1.04541015625
2.734130859375
1.661376953125
2.10107421875
2.124267578125
0.06567382812500011
0.048828125
0.7158203125
4.592777252197266
0.23779296875
3.7431640625
0.888671875
2.08984375
0.1123046875
2.42822265625
5.130859375
1.72705078125
3.3603515625
4.765625
9.71484375
10.1748046875
9.4296875
6.1796875
1.2998046875000004
6.482421875
14.7529296875
0.6962890625
2.458984375000001
12.4716796875
29.421875
17.51171875
19.111328125
15.009765625
5.6640625
0.60546875
5.478515625
11.15234375
0.6640625
2.7109375
2.90234375
2.625
7.419189453125
10.7978515625
17.19921875
46.47265625
3.5625
2.80859375
1.8125
33.625
19.640625
96.765625
59.703125
67.75
1.7421875
10.1015625
34.796875
60.765625
67.9375
102.99658203125
3.15625
73.74609375
101.9375
101.359375
110.6953125
175.25
12.03125
30.203125
2.706723734036138E-12
1.1568523916594131E-12
9.032774528350278E-13
3.672617765460018E-12
2.4793500585928996E-12
8.740119739059082E-12
5.862865748440527E-12
3.7689851239974814E-12
1.9695356456850277E-12
2.2888357875672227E-12
153.9375
171.40625
29.40625
471.6875
214.53125
159.31298828125
15.625
56.75
3.90625
57.0625
85.6875
388.8125
280.5625
446.9375
816.4375
93.625
19.5
289.5
354.75
12.25
9.219291996487304E-13
7.025491299827991E-13
2.4558133304708463E-12
6.572520305780927E-13
1.20561338690095E-11
4.680700271819676E-13
1.0471623568264476E-12
1.1466383398328617E-12
3.161915174132446E-13
4.785505325344275E-12
9.331202477369516E-12
1.0613732115416522E-11
1.1748824135793282E-11
9.526601729703543E-12
2.000355436848622E-11
5.906386491005846E-12
2.4208191007346613E-11
1.2731149467981647E-11
5.977440764581869E-12
1.7685408693068894E-11
3.709743623403483E-11
2.5401902803423995E-11
2.522426711948397E-11
2.1117330106790178E-11
2.0662582755903713E-11
1.2857270803579013E-11
2.1092461111038574E-11
5.679723358298361E-11
2.664890530468297E-11
3.081268573623716E-11
6.927081130925217E-11
3.40634187523392E-11
3.6642688883148367E-11
9.588774219082552E-11
7.815259550625507E-11
1.1269207789155189E-11
1.9895196601282805E-12
4.300915179555928E-11
1.4729550912306877E-11
1.2327916465437738E-10
1.1058887139371523E-10
3.198863396391971E-11
1.2397549653542228E-10
5.165645688975931E-11
1.3571366253017914E-11
1.8175683180743366E-11
1.858211362559814E-10
9.279688129026908E-12
1.503224211774101E-10
7.879918939579511E-11
