3.6137759451548845E-14
1.1851630787873546E-13
7.527312106958561E-14
1.3453127500895334E-13
4.338196468722799E-14
1.7866264023780332E-13
1.2218004385999848E-13
2.5779378631796135E-13
3.960720640350246E-13
1.4666046155298318E-13
2.262368070660159E-11
1.2937562132719904E-10
3.355467015353497E-10
5.88613602303667E-11
2.9891111807955895E-10
8.347456059714951E-11
1.9252865968155675E-10
1.6444801076431759E-10
1.4412648852157872E-10
7.344169716816396E-11
3.3924152376130223E-10
6.79506229062099E-10
1.0368239600211382E-10
6.8098415795248E-11
3.327613740111701E-10
5.439915184989915E-11
8.928395800467115E-10
2.6130919650313444E-10
5.395577318267963E-10
4.960156729794107E-10
1.844000507844612E-10
3.161630957038142E-10
4.2098236008314416E-10
9.51899892243091E-10
1.142893779615406E-9
4.0756731323209935E-10
9.537188816466633E-10
4.0665781853022054E-10
3.0388491722987965E-10
2.8376234695336537E-10
1.261014404008165E-9
2.298520485055633E-9
1.0550138540576555E-10
2.3796928871897138E-9
6.855316314630387E-10
9.831637726165354E-10
6.957634468562901E-11
2.1041159925516695E-9
2.804199539241381E-9
8.199094736482948E-10
5.3237272368278354E-9
3.478362486932258E-9
1.968601281987503E-9
2.2705535229761153E-9
7.288690540008247E-9
4.2450665205251426E-9
1.159150997409597E-9
6.0390448197722435E-9
1.2701093510326705E-9
3.582954377634451E-9
1.3878889149054885E-9
4.638422979041934E-9
5.162291927263141E-9
4.2928149923682213E-10
1.718944986352952E-10
8.742063073441386E-9
8.021743269637227E-10
9.567884262651205E-10
9.638824849389493E-9
4.19731804868884E-9
8.167262421920896E-10
8.30550561659038E-9
1.6898411558941007E-9
2.344677341170609E-9
8.019924280233681E-9
1.431544660590589E-9
5.020410753786564E-10
7.2559487307444215E-9
2.376327756792307E-8
1.3016688171774149E-8
1.025910023599863E-8
4.1043676901608706E-8
9.920768206940795E-9
3.278546500951052E-8
1.7549609765410423E-8
1.802982296794653E-8
2.422893885523081E-9
1.722219167277217E-8
3.706736606545746E-8
3.4415279515087605E-9
5.420588422566652E-8
2.4112523533403873E-8
3.720924723893404E-8
2.0489096641540527E-8
3.541936166584492E-8
1.1292286217212677E-8
3.6059645935899835E-8
1.094958861375811E-7
1.5352270565927029E-9
1.4366378309205174E-7
6.612390279769897E-8
2.168235369026661E-8
6.708432920277119E-8
1.2700911611318588E-7
3.377499524503946E-8
3.4502591006891487E-8
6.846676114946604E-8
1.9033905118730947E-8
7.450580596923828E-8
1.908338163048029E-7
1.7152945730458669E-13
1.0867418076543345E-12
3.1125102495366274E-13
1.2045919817182948E-13
2.9781732635569824E-13
2.9254376698872875E-14
8.859579736508749E-14
1.1896039708858552E-13
2.37476704967321E-13
3.253508573664021E-13
5.101901479065418E-8
1.1819065548479557E-7
3.7378049455583096E-7
8.344068191956395E-8
2.1827872842550278E-8
4.3594627641141415E-7
1.3416865840554237E-8
1.5978002920855224E-8
1.4933175407350063E-7
3.210734575986862E-7
4.940666258335114E-7
8.086208254098892E-7
4.0512531995773315E-8
3.1245872378349304E-7
1.3381941246781714E-7
4.1676685214042664E-8
4.627509042620659E-7
1.9295839592814445E-7
3.005261532962322E-7
2.741580829024315E-8
0.03285980224609375
7.950002327561378E-7
1.0043149827332343E-6
3.247987478971481E-8
5.651963874697685E-7
0.1012115478515625
0.00597381591796875
0.1303253173828125
0.07390594482421875
0.01578521728515625
1.1064112186431885E-6
1.092907041311264E-6
1.5436671674251556E-7
1.3064127415418625E-6
1.1182855814695358E-6
7.799826562491369E-8
1.5744008123874664E-6
2.528540790081024E-7
6.584450602531433E-7
1.960666850209236E-6
1.7043203115463257E-7
4.698522388935089E-7
7.585622370243073E-7
2.0065344870090485E-6
2.500135451555252E-6
1.411419368935185E-6
6.11133873462677E-6
5.809124559164047E-6
6.186310201883316E-6
4.802830517292023E-6
2.180226147174835E-6
2.11130827665329E-6
1.6205012798309326E-7
4.626810550689697E-6
8.808448910713196E-6
9.11671668291092E-6
8.414499475861703E-6
7.031485438346863E-7
3.1013041734695435E-7
8.596107363700867E-6
1.54413283626198E-6
2.0479783415794373E-5
1.3869256008547381E-5
2.8094276785850525E-5
2.508610486984253E-5
4.3194741011221005E-6
1.7700716853141785E-5
8.460134267807007E-6
1.0570511221885681E-5
9.341165480236668E-6
6.4820051193237305E-6
1.55717134475708E-6
2.6673078536987305E-6
6.403774477803381E-6
4.760921001434326E-6
4.243105763634958E-6
1.625716686251555E-5
2.2605061531066895E-5
2.3484230041503906E-5
3.446638675086433E-5
2.68742446678516E-5
5.274266004562378E-5
3.200769515387947E-5
3.6172568798065186E-5
8.782744407653809E-5
6.860494613647461E-5
3.8251280784606934E-5
2.174079418182373E-5
6.677210331673678E-5
1.8581748122414865E-5
2.0131468772888184E-5
1.9788742093851397E-5
2.291799319209531E-5
3.427267074584961E-6
2.1012128854636103E-4
2.5898218154907227E-5
4.234910011291504E-5
7.554888725280762E-5
3.786385082094057E-5
7.243454456329346E-5
2.2504220709151923E-13
6.502576255229542E-13
1.149080830487037E-13
1.9806378759312793E-13
1.4206413823103503E-12
7.186473638398638E-13
6.45705711121991E-13
9.952039192739903E-13
3.1519231669108194E-13
1.2355672041053367E-12
1.7464160919189453E-5
6.705522537231445E-6
3.275871276855469E-4
6.201863288879395E-5
5.643963813781738E-4
3.1244755518855527E-4
2.4884939193725586E-5
1.6820430755615234E-4
3.0627847445430234E-4
1.7535686492919922E-4
5.936026573181152E-4
1.6528370906598866E-4
1.764298212947324E-5
4.601490218192339E-5
4.7320127487182617E-4
3.528594970703125E-5
6.274583283811808E-4
0.0010338425636291504
4.363059997558594E-5
2.7370452880859375E-4
5.871057510375977E-4
3.3104419708251953E-4
8.611679095338332E-4
0.0012983083724975586
0.001004934310913086
3.1113624572753906E-5
5.820989608764648E-4
1.329183578491211E-4
7.976293563842773E-4
0.0014280080795288086
8.504390716552734E-4
1.769084483385086E-4
2.741813659667969E-4
0.0011751651763916016
1.8072128295898438E-4
0.0012979507446289062
0.0018327245488762856
5.707740783691406E-4
0.0015866756439208984
3.5762786865234375E-4
0.004049777984619141
0.0024156570434570312
0.002460002899169922
0.0051174163818359375
0.002120494842529297
0.0038847923278808594
0.0019655227661132812
3.948211669921875E-4
1.2922286987304688E-4
0.005474090576171875
7.89642333984375E-4
0.0011816024780273438
0.004705429193563759
0.010502815304789692
0.005916610360145569
0.0024204254150390625
6.819069385528564E-4
0.005414009094238281
6.799697875976562E-4
0.00283147394657135
0.017599105834960938
0.012792587280273438
0.00893402099609375
0.0044879913330078125
0.018045425415039062
0.014141082763671875
0.028575897216796875
0.02054595947265625
5.168914794921875E-4
0.047290802001953125
0.0636606216430664
0.002644062042236328
0.005889892578125
0.0035858154296875
0.04253387451171875
0.02234649658203125
0.024810791015625
0.00927746295928955
0.03501129150390625
0.001033782958984375
0.0041656494140625
0.00726318359375
0.0120391845703125
0.04476165771484375
0.08140564057976007
0.09976959228515625
0.0643310546875
0.02106499671936035
0.00121307373046875
0.007881402969360352
0.0772552490234375
0.1465301513671875
0.004119873046875
0.10936355590820312
0.106292724609375
0.0088653564453125
0.1094822883605957
0.0781707763671875
0.0729217529296875
0.0980987548828125
1.4241940959891508E-12
1.828537321557633E-12
1.0811351813799774E-12
3.1949998202662755E-12
2.3654411762663585E-12
2.3880897259687117E-12
4.0190073491430667E-13
2.2160051571518125E-13
1.2192469256433477E-12
1.4588330543574557E-12
0.221954345703125
0.1329345703125
0.04751598834991455
0.023193359375
0.31201171875
0.17889404296875
0.224334716796875
0.132293701171875
0.060089111328125
0.166259765625
0.162109375
0.055908203125
0.26708984375
0.1136474609375
1.097900390625
0.0687255859375
0.069091796875
0.3692626953125
0.021484375
0.95782470703125
0.2218019962310791
0.3100624084472656
2.051025390625
1.5426025390625
1.3741455078125
1.660888671875
0.3045654296875
0.154296875
0.0699462890625
0.5645751953125
1.272216796875
1.202392578125
1.257568359375
0.053955078125
3.46142578125
0.14331817626953125
2.504638671875
0.188720703125
0.263671875
2.736572265625
3.099609375
7.427734375
2.77734375
0.6328125
1.4111328125
0.55328369140625
2.154296875
1.36376953125
0.9189453125
0.1259765625
3.580078125
0.7158203125
2.1280517578125
9.185546875
0.1611328125
0.275390625
2.2763671875
15.12890625
0.8720703125
6.6923828125
12.18609619140625
5.412109375
18.568359375
12.1171875
1.41015625
13.001953125
8.5517578125
11.857421875
1.42578125
17.5859375
49.576416015625
1.72265625
28.87890625
33.275390625
34.765625
25.59375
28.51953125
33.875
35.7265625
6.06640625
11.953125
82.5078125
3.4609375
97.625
58.4140625
26.6640625
72.35546875
8.40625
110.203125
114.2421875
218.83203125
30.15625
48.828125
99.828125
112.7578125
3.71875
71.3359375
115.765625
118.1640625
115.7265625
3.0593305666570814E-12
3.232969447708456E-13
1.0724754417879044E-12
3.0810909379397344E-12
3.324895914147419E-12
7.980283101005625E-13
1.390443316040546E-12
1.5636381078820705E-12
1.906919067096169E-12
4.75397499144492E-12
438.875
4.25
288.875
25.21875
159.40625
7.43798828125
139.84375
156.375
337.6875
271.9765625
56.15625
670.5
276.6875
691.75
333.8125
306.4375
551.3125
337.5
308.8125
460.75
1.4921397450962104E-13
4.511058193656936E-12
4.786393503763975E-12
3.657518732325116E-12
3.268496584496461E-13
1.2607692667643278E-11
4.241940132487798E-12
7.649880728877185E-12
2.065014825802791E-12
6.8194339064575615E-12
8.757439218243235E-13
4.4639847374128294E-12
8.972378395810665E-12
1.106137403894536E-11
1.596056620201125E-11
8.604672530054917E-12
5.79092329644492E-12
1.0112799486705626E-11
2.248867758680717E-11
1.590727549682925E-11
2.7107205369247822E-12
3.5278446830488974E-12
6.779288241887157E-11
3.3075764349632664E-11
3.242561774641217E-11
3.9040770616338705E-11
3.8131275914565776E-11
9.28679355638451E-12
1.9031887177334283E-11
1.453770437365165E-11
6.87947476762929E-11
1.864464138634503E-11
6.545519681822043E-11
1.2597922705026576E-11
1.5997159152902896E-10
8.387246452912223E-11
7.30651095182111E-11
4.204281367492513E-11
5.5564441936439835E-12
7.851497230149107E-11
6.120615125837503E-11
4.423839072842384E-11
7.16511294740485E-11
1.411137873219559E-11
1.361399881716352E-10
3.252864644309741E-11
4.845901457883883E-12
6.95479229761986E-11
7.507594546041219E-11
1.410711547578103E-10
3.6137759451548845E-14
1.1851630787873546E-13
7.527312106958561E-14
1.3453127500895334E-13
4.338196468722799E-14
1.7866264023780332E-13
1.2218004385999848E-13
2.5779378631796135E-13
3.960720640350246E-13
1.4666046155298318E-13
2.262368070660159E-11
1.2937562132719904E-10
3.355467015353497E-10
5.88613602303667E-11
2.9891111807955895E-10
8.347456059714951E-11
1.9252865968155675E-10
1.6444801076431759E-10
1.4412648852157872E-10
7.344169716816396E-11
3.3924152376130223E-10
6.79506229062099E-10
1.0368239600211382E-10
6.8098415795248E-11
3.327613740111701E-10
5.439915184989915E-11
8.928395800467115E-10
2.6130919650313444E-10
5.395577318267963E-10
4.960156729794107E-10
1.844000507844612E-10
3.161630957038142E-10
4.2098236008314416E-10
9.51899892243091E-10
1.142893779615406E-9
4.0756731323209935E-10
9.537188816466633E-10
4.0665781853022054E-10
3.0388491722987965E-10
2.8376234695336537E-10
1.261014404008165E-9
2.298520485055633E-9
1.0550138540576555E-10
2.3796928871897138E-9
6.855316314630387E-10
9.831637726165354E-10
6.957634468562901E-11
2.1041159925516695E-9
2.804199539241381E-9
8.199094736482948E-10
5.3237272368278354E-9
3.478362486932258E-9
1.968601281987503E-9
2.2705535229761153E-9
7.288690540008247E-9
4.2450665205251426E-9
1.159150997409597E-9
6.0390448197722435E-9
1.2701093510326705E-9
3.582954377634451E-9
1.3878889149054885E-9
4.638422979041934E-9
5.162291927263141E-9
4.2928149923682213E-10
1.718944986352952E-10
8.742063073441386E-9
8.021743269637227E-10
9.567884262651205E-10
9.638824849389493E-9
4.19731804868884E-9
8.167262421920896E-10
8.30550561659038E-9
1.6898411558941007E-9
2.344677341170609E-9
8.019924280233681E-9
1.431544660590589E-9
5.020410753786564E-10
7.2559487307444215E-9
2.376327756792307E-8
1.3016688171774149E-8
1.025910023599863E-8
4.1043676901608706E-8
9.920768206940795E-9
3.278546500951052E-8
1.7549609765410423E-8
1.802982296794653E-8
2.422893885523081E-9
1.722219167277217E-8
3.706736606545746E-8
3.4415279515087605E-9
5.420588422566652E-8
2.4112523533403873E-8
3.720924723893404E-8
2.0489096641540527E-8
3.541936166584492E-8
1.1292286217212677E-8
3.6059645935899835E-8
1.094958861375811E-7
1.5352270565927029E-9
1.4366378309205174E-7
6.612390279769897E-8
2.168235369026661E-8
6.708432920277119E-8
1.2700911611318588E-7
3.377499524503946E-8
3.4502591006891487E-8
6.846676114946604E-8
1.9033905118730947E-8
7.450580596923828E-8
1.908338163048029E-7
1.7152945730458669E-13
1.0867418076543345E-12
3.1125102495366274E-13
1.2045919817182948E-13
2.9781732635569824E-13
2.9254376698872875E-14
8.859579736508749E-14
1.1896039708858552E-13
2.37476704967321E-13
3.253508573664021E-13
5.101901479065418E-8
1.1819065548479557E-7
3.7378049455583096E-7
8.344068191956395E-8
2.1827872842550278E-8
4.3594627641141415E-7
1.3416865840554237E-8
1.5978002920855224E-8
1.4933175407350063E-7
3.210734575986862E-7
4.940666258335114E-7
8.086208254098892E-7
4.0512531995773315E-8
3.1245872378349304E-7
1.3381941246781714E-7
4.1676685214042664E-8
4.627509042620659E-7
1.9295839592814445E-7
3.005261532962322E-7
2.741580829024315E-8
0.03285980224609375
7.950002327561378E-7
1.0043149827332343E-6
3.247987478971481E-8
5.651963874697685E-7
0.1012115478515625
0.00597381591796875
0.1303253173828125
0.07390594482421875
0.01578521728515625
1.1064112186431885E-6
1.092907041311264E-6
1.5436671674251556E-7
1.3064127415418625E-6
1.1182855814695358E-6
7.799826562491369E-8
1.5744008123874664E-6
2.528540790081024E-7
6.584450602531433E-7
1.960666850209236E-6
1.7043203115463257E-7
4.698522388935089E-7
7.585622370243073E-7
2.0065344870090485E-6
2.500135451555252E-6
1.411419368935185E-6
6.11133873462677E-6
5.809124559164047E-6
6.186310201883316E-6
4.802830517292023E-6
2.180226147174835E-6
2.11130827665329E-6
1.6205012798309326E-7
4.626810550689697E-6
8.808448910713196E-6
9.11671668291092E-6
8.414499475861703E-6
7.031485438346863E-7
3.1013041734695435E-7
8.596107363700867E-6
1.54413283626198E-6
2.0479783415794373E-5
1.3869256008547381E-5
2.8094276785850525E-5
2.508610486984253E-5
4.3194741011221005E-6
1.7700716853141785E-5
8.460134267807007E-6
1.0570511221885681E-5
9.341165480236668E-6
6.4820051193237305E-6
1.55717134475708E-6
2.6673078536987305E-6
6.403774477803381E-6
4.760921001434326E-6
4.243105763634958E-6
1.625716686251555E-5
2.2605061531066895E-5
2.3484230041503906E-5
3.446638675086433E-5
2.68742446678516E-5
5.274266004562378E-5
3.200769515387947E-5
3.6172568798065186E-5
8.782744407653809E-5
6.860494613647461E-5
3.8251280784606934E-5
2.174079418182373E-5
6.677210331673678E-5
1.8581748122414865E-5
2.0131468772888184E-5
1.9788742093851397E-5
2.291799319209531E-5
3.427267074584961E-6
2.1012128854636103E-4
2.5898218154907227E-5
4.234910011291504E-5
7.554888725280762E-5
3.786385082094057E-5
7.243454456329346E-5
2.2504220709151923E-13
6.502576255229542E-13
1.149080830487037E-13
1.9806378759312793E-13
1.4206413823103503E-12
7.186473638398638E-13
6.45705711121991E-13
9.952039192739903E-13
3.1519231669108194E-13
1.2355672041053367E-12
1.7464160919189453E-5
6.705522537231445E-6
3.275871276855469E-4
6.201863288879395E-5
5.643963813781738E-4
3.1244755518855527E-4
2.4884939193725586E-5
1.6820430755615234E-4
3.0627847445430234E-4
1.7535686492919922E-4
5.936026573181152E-4
1.6528370906598866E-4
1.764298212947324E-5
4.601490218192339E-5
4.7320127487182617E-4
3.528594970703125E-5
6.274583283811808E-4
0.0010338425636291504
4.363059997558594E-5
2.7370452880859375E-4
5.871057510375977E-4
3.3104419708251953E-4
8.611679095338332E-4
0.0012983083724975586
0.001004934310913086
3.1113624572753906E-5
5.820989608764648E-4
1.329183578491211E-4
7.976293563842773E-4
0.0014280080795288086
8.504390716552734E-4
1.769084483385086E-4
2.741813659667969E-4
0.0011751651763916016
1.8072128295898438E-4
0.0012979507446289062
0.0018327245488762856
5.707740783691406E-4
0.0015866756439208984
3.5762786865234375E-4
0.004049777984619141
0.0024156570434570312
0.002460002899169922
0.0051174163818359375
0.002120494842529297
0.0038847923278808594
0.0019655227661132812
3.948211669921875E-4
1.2922286987304688E-4
0.005474090576171875
7.89642333984375E-4
0.0011816024780273438
0.004705429193563759
0.010502815304789692
0.005916610360145569
0.0024204254150390625
6.819069385528564E-4
0.005414009094238281
6.799697875976562E-4
0.00283147394657135
0.017599105834960938
0.012792587280273438
0.00893402099609375
0.0044879913330078125
0.018045425415039062
0.014141082763671875
0.028575897216796875
0.02054595947265625
5.168914794921875E-4
0.047290802001953125
0.0636606216430664
0.002644062042236328
0.005889892578125
0.0035858154296875
0.04253387451171875
0.02234649658203125
0.024810791015625
0.00927746295928955
0.03501129150390625
0.001033782958984375
0.0041656494140625
0.00726318359375
0.0120391845703125
0.04476165771484375
0.08140564057976007
0.09976959228515625
0.0643310546875
0.02106499671936035
0.00121307373046875
0.007881402969360352
0.0772552490234375
0.1465301513671875
0.004119873046875
0.10936355590820312
0.106292724609375
0.0088653564453125
0.1094822883605957
0.0781707763671875
0.0729217529296875
0.0980987548828125
1.4241940959891508E-12
1.828537321557633E-12
1.0811351813799774E-12
3.1949998202662755E-12
2.3654411762663585E-12
2.3880897259687117E-12
4.0190073491430667E-13
2.2160051571518125E-13
1.2192469256433477E-12
1.4588330543574557E-12
0.221954345703125
0.1329345703125
0.04751598834991455
0.023193359375
0.31201171875
0.17889404296875
0.224334716796875
0.132293701171875
0.060089111328125
0.166259765625
0.162109375
0.055908203125
0.26708984375
0.1136474609375
1.097900390625
0.0687255859375
0.069091796875
0.3692626953125
0.021484375
0.95782470703125
0.2218019962310791
0.3100624084472656
2.051025390625
1.5426025390625
1.3741455078125
1.660888671875
0.3045654296875
0.154296875
0.0699462890625
0.5645751953125
1.272216796875
1.202392578125
1.257568359375
0.053955078125
3.46142578125
0.14331817626953125
2.504638671875
0.188720703125
0.263671875
2.736572265625
3.099609375
7.427734375
2.77734375
0.6328125
1.4111328125
0.55328369140625
2.154296875
1.36376953125
0.9189453125
0.1259765625
3.580078125
0.7158203125
2.1280517578125
9.185546875
0.1611328125
0.275390625
2.2763671875
15.12890625
0.8720703125
6.6923828125
12.18609619140625
5.412109375
18.568359375
12.1171875
1.41015625
13.001953125
8.5517578125
11.857421875
1.42578125
17.5859375
49.576416015625
1.72265625
28.87890625
33.275390625
34.765625
25.59375
28.51953125
33.875
35.7265625
6.06640625
11.953125
82.5078125
3.4609375
97.625
58.4140625
26.6640625
72.35546875
8.40625
110.203125
114.2421875
218.83203125
30.15625
48.828125
99.828125
112.7578125
3.71875
71.3359375
115.765625
118.1640625
115.7265625
3.0593305666570814E-12
3.232969447708456E-13
1.0724754417879044E-12
3.0810909379397344E-12
3.324895914147419E-12
7.980283101005625E-13
1.390443316040546E-12
1.5636381078820705E-12
1.906919067096169E-12
4.75397499144492E-12
438.875
4.25
288.875
25.21875
159.40625
7.43798828125
139.84375
156.375
337.6875
271.9765625
56.15625
670.5
276.6875
691.75
333.8125
306.4375
551.3125
337.5
308.8125
460.75
1.4921397450962104E-13
4.511058193656936E-12
4.786393503763975E-12
3.657518732325116E-12
3.268496584496461E-13
1.2607692667643278E-11
4.241940132487798E-12
7.649880728877185E-12
2.065014825802791E-12
6.8194339064575615E-12
8.757439218243235E-13
4.4639847374128294E-12
8.972378395810665E-12
1.106137403894536E-11
1.596056620201125E-11
8.604672530054917E-12
5.79092329644492E-12
1.0112799486705626E-11
2.248867758680717E-11
1.590727549682925E-11
2.7107205369247822E-12
3.5278446830488974E-12
6.779288241887157E-11
3.3075764349632664E-11
3.242561774641217E-11
3.9040770616338705E-11
3.8131275914565776E-11
9.28679355638451E-12
1.9031887177334283E-11
1.453770437365165E-11
6.87947476762929E-11
1.864464138634503E-11
6.545519681822043E-11
1.2597922705026576E-11
1.5997159152902896E-10
8.387246452912223E-11
7.30651095182111E-11
4.204281367492513E-11
5.5564441936439835E-12
7.851497230149107E-11
6.120615125837503E-11
4.423839072842384E-11
7.16511294740485E-11
1.411137873219559E-11
1.361399881716352E-10
3.252864644309741E-11
4.845901457883883E-12
6.95479229761986E-11
7.507594546041219E-11
1.410711547578103E-10
