3.701761119856428E-13
1.6792123247455493E-13
2.267352972040726E-13
8.196221479295218E-14
8.229528170033973E-14
1.9653723093426834E-13
1.775801727887938E-13
2.4943935805765705E-13
1.752764600126966E-13
1.3003487175922146E-13
4.317541879572673E-10
1.3545786714531884E-10
2.3422330741595953E-10
2.417266387055861E-10
1.0678036233002786E-10
1.7186607692566627E-10
2.474678240105277E-10
2.1941559680298364E-11
4.594653546519112E-10
1.5921841622912325E-10
8.805045581539162E-11
4.9766413212648E-10
3.0388491722987965E-10
1.5495515981456265E-10
2.858655534510035E-10
7.743210517219268E-10
1.297166818403643E-10
3.4725644582067616E-10
2.779074748104904E-10
1.2681766747846268E-10
1.8811761037795804E-9
6.277787178987637E-10
5.505853550857864E-10
6.858726919753565E-10
1.2195187082397752E-9
5.06020114698913E-10
4.3951331463176757E-10
1.570128915773239E-9
1.3735643733525649E-9
5.117044565849954E-10
4.881712811766192E-10
2.1962023311061785E-9
5.250058165988463E-10
8.139977580867708E-11
1.4219949662219733E-9
2.271235644002445E-9
1.3340013538254433E-9
1.0998064681189135E-9
2.0254447008500053E-9
1.2196323950774968E-9
2.0895640773233026E-9
6.921254680491984E-10
3.988134267342053E-10
3.8562575355172157E-10
2.2032509150449187E-9
5.692527338396758E-9
2.8248905437071386E-9
3.317381924720144E-9
2.6743691705649895E-9
2.032720658462521E-9
6.95763446856396E-10
8.059032552409917E-9
1.9826984498660423E-10
7.143171387724578E-9
8.401002560276538E-9
1.6398189472966028E-9
9.052200766761201E-9
4.601133696269244E-9
5.1968527259339E-9
4.994035407435149E-9
1.9146682461723685E-8
1.5606929082423449E-9
7.945345714688301E-9
1.3151293387636542E-9
8.778442861512727E-9
1.7733327695168608E-8
8.38736013977705E-9
1.4404577086788058E-8
1.3204044080339372E-8
4.540197551250458E-9
8.585629984736443E-9
4.692992661155086E-9
1.9321305444464087E-8
1.739681465551257E-8
2.8590875444933772E-8
3.066088538616896E-8
8.512870408611549E-10
1.973239704966545E-8
2.9402144718915224E-8
4.5078195398673415E-8
4.037428880110383E-8
6.55782059770689E-8
6.373011274263263E-8
4.847242962829207E-8
2.8230715543031693E-9
1.6429112292826176E-8
1.701118890196085E-8
4.971661837771535E-8
5.479523679241538E-8
8.179631549908375E-8
8.710776455700397E-8
3.812601789832115E-9
1.0948861017823219E-7
4.058529157191515E-8
8.55361577158098E-8
6.199115887284279E-9
1.2708187568932772E-7
1.709850039333105E-8
1.1452357284724712E-8
1.4115357771515846E-7
2.373101715136272E-13
5.240252676230739E-14
2.2681856393091948E-13
3.556599459386689E-13
3.0231372960543013E-13
5.045408535409024E-13
4.3970382890279325E-13
5.090372567906343E-14
2.970956813896919E-13
7.234768339969833E-13
2.019805833697319E-8
1.2817326933145523E-7
1.326261553913355E-7
2.0404695533216E-7
5.424953997829052E-8
1.4062970876693726E-7
6.035261321812868E-7
1.469743438065052E-8
2.1842424757778645E-7
2.442975528538227E-7
4.020403139293194E-7
2.873712219297886E-7
2.501765266060829E-7
6.903428584337234E-8
3.2875686889477507E-7
5.236943252384663E-7
4.0902523323980283E-7
2.7759233489632607E-7
4.1705789044499397E-7
2.966262400150299E-7
5.328329280018806E-7
2.0395964386854537E-7
2.0849984139204025E-7
1.543667167442503E-7
2.7008354663848877E-8
4.6798959374427795E-8
9.42964106798172E-8
2.169981598854065E-7
1.232139766216278E-6
7.380731403827667E-8
1.0083895176649094E-6
6.05359673500061E-7
8.940696716308594E-8
5.122274160385132E-8
2.5776680558919907E-6
1.0244548320770264E-7
1.2973323482157184E-6
8.582137525081635E-7
1.1315569281578064E-7
4.2049214243888855E-7
3.422610462024134E-7
5.323905501342097E-6
2.532731741666794E-6
6.032176315784454E-6
1.4705583453178406E-6
3.996305167675018E-6
6.677582859992981E-6
3.018416464328766E-6
7.014721632003784E-6
1.3057142496109009E-6
7.441267371177673E-7
1.8095597624778748E-6
5.5460259318351746E-6
8.304603397846222E-6
1.1130236089229584E-5
1.3299286365509033E-6
4.277564585208893E-6
2.3469328880310059E-7
4.213303355982134E-6
4.7637150260015915E-6
9.715557098388672E-6
4.3213367462158203E-7
8.070841431617737E-6
4.263594746589661E-6
1.8645078228018974E-6
5.325302481651306E-6
1.728534698486328E-5
1.0928139204224863E-5
2.0410865545272827E-5
2.9392542728601256E-6
3.787502646623864E-5
2.5339424723824777E-5
7.398426532745361E-6
5.5246055126190186E-6
7.934868353487445E-7
2.5495887030047015E-5
3.937631845474243E-6
9.909272193908691E-7
4.166364669799805E-5
8.493661880493164E-7
5.0924718379974365E-5
5.662441253662109E-6
7.289648056030273E-5
1.1175125860063417E-4
1.1689960956573486E-5
1.9185245037078857E-5
4.174560308456421E-5
1.7076730728149414E-5
4.239380367643264E-6
4.547834396362305E-5
5.513429641723633E-6
2.5823712348937988E-5
1.758486033054396E-4
1.4451146125793457E-4
3.188848523905108E-6
6.872415542602539E-5
4.187226295471191E-6
2.9355287551879883E-6
4.202127456665039E-6
3.680586814880371E-6
5.440092820663267E-14
1.5197842984093768E-12
4.837241718291807E-13
5.943023850818463E-13
1.201594379551807E-12
4.2887915441269797E-13
5.145883719137601E-13
1.0439427100550347E-12
8.659739592076226E-14
5.88640247656258E-13
1.3080242206342518E-4
1.4519691467285156E-4
1.7851591110229492E-5
2.1302702953107655E-4
2.3871660232543945E-5
3.507733345031738E-5
1.5336278011091053E-4
1.780986785888672E-4
5.176663398742676E-5
2.9227137565612793E-4
5.932450367254205E-4
2.564787865253493E-4
6.234651664271951E-5
5.071163177490234E-4
9.411573415718522E-5
2.1457672119140625E-4
3.496408462524414E-4
5.415081977844238E-4
1.8388032958682743E-4
2.503395080566406E-4
0.0021947622299194336
0.0010207891466507135
0.0012516975402832031
3.000497817993164E-4
9.93015244603157E-4
0.0010131602175533772
8.018016815185547E-4
6.411080248653889E-4
5.819799844175577E-4
0.0011059045791625977
3.142356872558594E-4
1.2969970703125E-4
0.0020024776458740234
4.889965057373047E-4
0.0017278194436585181
2.257823944091797E-4
0.0036373138427734375
0.00154876708984375
0.001809835433959961
4.9591064453125E-5
9.450912475585938E-4
1.3637542724609375E-4
0.002414226531982422
0.005236148834228516
0.002484322525560856
0.0022192001342773438
0.005001068580895662
0.007231712341308594
0.0021085739135742188
6.999969482421875E-4
0.00160980224609375
0.0041408538818359375
2.593995304778218E-4
0.0031671524047851562
2.2220611572265625E-4
9.765625E-4
0.0017986297607421875
0.00821879506111145
0.011042594909667969
0.0041637420654296875
4.596710205078125E-4
0.010843276977539062
0.01213836669921875
0.0095062255859375
0.0026836395263671875
3.128056414425373E-4
0.032178908586502075
0.0044002532958984375
0.008462905883789062
0.009334564208984375
0.02053457498550415
0.026638031005859375
0.029834747314453125
0.0253944406285882
0.016780853271484375
0.006072998978197575
0.004684448242187502
0.005642414093017578
0.040363311767578125
0.00225067138671875
0.01428985595703125
0.0406036376953125
0.04752349853515625
0.11103057861328125
0.02259063720703125
0.007537841796875
0.002532958984375
0.001976020634174347
0.00579071044921875
0.11838531494140625
0.015504837036132812
0.11798095703125
0.0043487548828125
0.07221987843513489
0.0030212700366973877
0.08526611328125
0.1364288330078125
0.0391387939453125
0.1294260025024414
0.0726470947265625
1.8116619315833304E-12
1.2174705688039467E-12
1.1082246231808313E-12
2.3230306567256775E-12
4.5141668181258865E-13
1.1126655152793319E-12
1.3580248037214915E-12
2.262634524186069E-12
1.2434497875801753E-12
2.773337115513641E-13
0.007598876953125
0.1497802734375
0.28790283203125
0.14898681640625
0.264129638671875
0.070404052734375
0.4425811767578125
0.10062026977539062
0.063812255859375
0.13880157470703125
0.03717041015625
0.26556396484375
0.3253173828125
0.3623661994934082
0.85845947265625
0.03344917297363281
0.27569580078125
0.40496826171875
0.13787841796875
0.6716919541358948
1.1182861328125
0.03503608703613281
0.583740234375
0.6572265625
0.736083984375
0.8394794464111328
1.033447265625
0.5946044921875
1.5267333984375
0.5594482421875
0.05126953125
0.30419921875
0.04443359375
1.431640625
0.3876953125
1.244140625
0.339111328125
1.6201171875
0.242431640625
2.262451171875
3.3193359375
4.65234375
0.35546875
0.62213134765625
0.48681640625
0.26513671875
2.232421875
2.25927734375
0.125
2.79931640625
1.2628173828125
0.21484375
5.78515625
8.7890625
0.2060546875
5.2216796875
4.3028564453125
6.771484375
0.416015625
8.2705078125
2.71875
9.609375
26.736328125
11.46875
20.01171875
5.119140625
11.115234375
35.05908203125
8.439453125
16.5703125
54.53515625
18.080078125
52.12890625
2.98046875
48.97265625
22.818359375
22.55078125
0.8515625
11.080078125
8.9609375
50.6484375
36.8671875
102.21875
5.9453125
119.515625
8.140625
10.5078125
10.125
81.7734375
15.9775390625
146.109375
3.34375
69.28125
212.46875
235.34375
179.921875
128.53125
3.15625
75.625
105.9375
6.247891093380531E-12
4.60964599824365E-13
2.1462831512053526E-12
3.731681630370076E-12
4.292566302410705E-12
2.929212428171013E-12
3.4141578453272814E-12
4.738431869100168E-12
1.942002114674324E-12
3.959055305813308E-12
24.390625
6.84375
38.4375
318.5625
191.3125
52.125
9.03125
510.21875
75.40625
149.4375
279.6875
304.875
567.375
627.375
56.375
458.96875
109.5625
542.1875
290.1875
447.3125
0.0118560791015625
2.247091401841317E-12
5.290878846153646E-12
0.079010009765625
0.0462188720703125
0.0129241943359375
0.090606689453125
0.0534820556640625
0.1368560791015625
0.0081329345703125
1.5729639812889218E-11
1.868549759365126E-11
1.2754242106893798E-11
4.8832049515112885E-12
1.70228275919726E-11
2.9249491717564524E-11
1.8667734025257232E-11
1.0338396805309474E-12
1.3063328196949442E-11
2.3632651391380932E-11
1.977440433620369E-11
4.512656914812396E-11
3.3931968346223584E-11
2.445688096486265E-11
2.5345059384562774E-11
2.560085476943641E-11
2.2431834167946363E-11
1.1262102361797588E-12
2.305711177541525E-11
2.3565149831483723E-11
5.962874638498761E-11
5.261568958303583E-11
1.0274447959091049E-10
8.121503469737945E-12
6.346567715809215E-11
5.73834313399857E-11
1.227107304657693E-11
9.173106718662893E-12
2.305000634805765E-11
6.552625109179975E-11
9.180212146020494E-12
4.6483705773425754E-11
9.129053069045767E-11
1.304556462855544E-10
7.87281351222191E-12
1.085282974599977E-10
1.0292922070220811E-10
6.680522801616462E-11
6.512834715977078E-11
3.1263880373444473E-12
