1.7841284005726266E-13
1.3614109839465982E-13
3.7933545193880036E-13
2.7766677845875165E-13
1.6717183193293295E-13
7.691070003090772E-14
4.621303340002215E-14
2.0011770018868447E-14
2.0577983761427276E-13
4.222733274161783E-13
0.9853515625
1.0203393685517686E-10
1.7351453607261647E-10
3.856825969705825E-10
1.9727508515644745E-10
6.059508450562134E-11
1.5342038750532083E-10
4.9228515625
13.193359375
5.4463043212890625
2.908677743107546E-10
4.8487436288269237E-11
1.0771827874123119E-10
1.6569856597925536E-10
2.7483793019200675E-10
6.680807018710766E-10
2.921751729445532E-10
7.503331289626658E-11
3.647073754110505E-10
4.066009751114656E-10
9.897576092043892E-10
1.4779288903810084E-10
7.112248567864299E-10
2.2509993868879974E-11
3.3594460546737537E-10
5.500169208972048E-10
1.1430074664531276E-9
3.333298081997782E-10
6.079972081352025E-10
8.386678018723615E-10
9.981704351963181E-11
2.828528522513807E-10
6.896243576193228E-10
2.0925199351040646E-9
4.063167580170557E-10
1.0456915333634242E-9
5.356923793442613E-10
1.0484200174721312E-9
1.3337739801499993E-9
1.237594915437512E-9
3.7425706977955997E-10
3.2719071896350974E-9
4.2382453102618456E-10
5.701622285421687E-9
4.068624548384583E-9
4.877165338257328E-9
8.008100849110898E-10
2.827619027812034E-9
4.4351509131956846E-9
5.9239937399979945E-9
4.477442416828232E-9
1.41244527186691E-9
4.9622030928730965E-9
3.2332536648028658E-9
8.456481737111805E-9
2.4829205358422117E-10
1.1244082998018712E-8
4.445610102266073E-9
8.992174116428941E-9
2.0099832909181714E-10
9.686118573881686E-9
4.256435204297304E-10
1.1310476111248136E-8
3.763489075936377E-9
7.796188583597541E-9
6.202753866091371E-10
5.784386303275824E-10
8.440110832452774E-10
5.644324119311213E-9
2.7539499569684267E-9
1.680018613114953E-8
4.567846190184355E-8
9.065843187272549E-9
3.002423909492791E-8
1.5890691429376602E-8
4.0105078370246405E-8
2.238448360003531E-8
1.9950675778524635E-8
1.619991962841308E-8
6.04086380917579E-8
8.568167686462402E-8
3.565946826711297E-8
3.55576048605144E-8
5.638867150992158E-9
3.531749825924635E-8
5.566107574904531E-9
4.816683940589428E-8
5.50062395632267E-9
3.413151716813445E-8
7.894414011389017E-9
7.428752724428223E-8
1.4167744666337967E-7
1.4880788512528281E-7
1.0826624929904938E-8
2.156739355996251E-7
1.5618570614606142E-7
6.610935088247061E-8
6.305344868454067E-8
1.3702083379030228E-7
9.527138900011778E-8
7.835954107804355E-13
3.1968871994081383E-13
3.965716643961059E-13
4.529154828958326E-13
1.7774670624248756E-13
2.9792834865816076E-13
1.0058620603103938E-13
5.003775171985581E-13
3.7181369094696493E-13
4.3703929364369287E-13
3.5815173760056496E-7
4.2549800127744675E-8
2.0937295630574226E-7
7.412745618717853E-8
2.159213182140185E-7
1.302105374634266E-7
8.166534828935035E-8
5.8033037930727005E-8
1.507578417658806E-8
3.062014002352953E-7
2.7404166758060455E-7
2.551823854446411E-7
8.987262845039368E-8
2.505257725719974E-7
2.5192275643348694E-7
7.26024154573679E-7
4.1443854570388794E-8
1.210719347000122E-8
3.1158560886979103E-7
2.83063855022192E-7
2.9569491744041443E-8
5.383044481277466E-7
1.2173550203442574E-6
5.902256816625595E-8
9.826617315411568E-7
2.3166649043560028E-8
3.2153911891374953E-7
5.434267222881317E-7
6.352784112095833E-7
1.5320256396833543E-7
6.493646651506424E-7
3.5157427191734314E-7
1.1944212019443512E-7
6.167683750391006E-7
2.730870619416237E-6
1.9746366888354072E-6
1.2684613466262817E-6
1.2828968476430447E-7
1.5283003449440002E-6
2.7688220143318176E-6
6.277114152908325E-7
2.455897629261017E-6
8.102506399154663E-8
9.872019291271017E-8
2.1546147763729095E-6
2.369284629849533E-6
7.194466897786356E-7
4.6831555806647884E-6
9.499490261077881E-8
4.005152732133865E-6
1.148320734500885E-6
7.478520275272516E-7
1.8924474716186523E-6
4.4852495193481445E-6
4.332512617222228E-6
1.0300427746301466E-6
5.2694231271743774E-6
9.182840585708618E-7
6.4959750147863815E-6
3.1581148647319424E-6
4.252418875694275E-6
1.9526109099388123E-5
3.954395651872833E-6
2.0109117031097412E-5
2.395547926425934E-5
1.2364238500595093E-5
1.2703239917755127E-6
2.1578744082262347E-5
1.5329569578170776E-6
1.780688762664795E-6
4.298985004425049E-5
3.4436583518981934E-5
6.280839443206787E-6
5.061924457550049E-5
4.2945146560668945E-5
8.493661880493164E-7
2.742186188697815E-5
4.734843969345093E-6
2.5607645513403554E-5
7.770955562591553E-6
7.21663254807936E-5
8.228421211242676E-5
4.071742296218872E-5
3.244727849960327E-5
5.282461643218994E-6
9.611248977137166E-6
8.538365364074707E-5
1.9490718841552734E-5
1.0527670383453369E-5
6.981194019317627E-6
1.6829371452331543E-4
7.0914626121521E-5
7.241964340209961E-5
1.332610845565796E-4
1.8030405044555664E-4
9.237229915015632E-5
1.9386411440791562E-4
1.0311610822100192E-5
7.246434688568115E-5
8.80807638168335E-5
1.6762147225790613E-12
1.2165823903842465E-12
5.029310301551959E-14
1.4016565685892601E-12
3.3995029014022293E-13
1.7985612998927536E-13
7.649436639667329E-13
8.337774914934926E-14
2.063904602778166E-13
5.739853037312059E-14
1.9052624713822297E-4
2.0876526832580566E-4
1.8903613818110898E-4
1.4859437942504883E-4
1.6927719116210938E-5
1.4805793773575715E-4
2.728700637817383E-4
2.771615982055664E-5
1.5589594841003418E-4
1.5288591384887695E-5
4.5955239329487085E-5
3.0237436294555664E-4
1.1944782454520464E-4
5.199313168304798E-4
0.001035153865814209
3.898739814758301E-4
5.804896354675293E-4
1.8680095672607422E-4
7.194280624389648E-5
6.060004234313965E-4
6.227493868209422E-4
0.0010262727755616652
5.4240255849435925E-5
0.0011579990678001195
4.4226646423339844E-4
0.0015381576959043741
1.1742115020751953E-4
2.872943878173828E-5
8.637905120849609E-4
2.6488304138183594E-4
0.004090070724487305
0.0018336791545152664
0.002427816390991211
3.135204315185547E-4
1.8334389551455388E-4
0.0017511844635009766
0.002924446016550064
9.703682735562325E-5
1.7333030700683594E-4
6.437301635742188E-5
0.0034475326538085938
3.77655029296875E-4
3.600195050239563E-4
3.895759582519531E-4
0.0059456899762153625
0.006567008793354034
0.0021004676818847656
0.009272575378417969
0.0024046897888183594
0.004323005676269531
0.008248329162597656
0.0043182373046875
4.6253204345703125E-4
2.1648406982421875E-4
0.004707336891442537
0.0045032501220703125
6.446839543059468E-4
5.598068237304688E-4
0.006489753839559853
0.007079124450683594
0.004451751708984375
0.02130126953125
0.02099609375
0.01001739501953125
0.0056056976318359375
0.0067081451416015625
0.0020160675048828125
0.019931793212890625
0.008901596069335938
0.015077590942382812
0.03514528274536133
0.022125244140625
0.03482842445373535
0.00102996826171875
6.561279296875E-4
0.019573688507080078
0.020740509033203125
0.00865936279296875
0.019855499267578125
0.023025989532470703
0.10885810852050781
0.001861572265625
0.0016632080078125
0.041038514114916325
0.0015416145324707031
0.00977325439453125
0.0037841796875
0.0607147216796875
0.04438019543886185
0.08033180236816406
0.1671757698059082
0.10552978515625
0.1273956298828125
0.0782470703125
0.1290435791015625
0.0865325927734375
0.0154266357421875
0.01495361328125
0.13763427734375
0.0669708251953125
8.562039965909223E-13
2.6778579353958776E-12
2.1511681325137033E-12
3.0373481507695033E-12
1.0034195696562165E-12
1.523225989785731E-13
4.0656367161773313E-13
3.105737889086413E-12
6.750155989720952E-13
1.1959322421262186E-12
0.163909912109375
0.00555419921875
0.1490478515625
0.137451171875
0.01739501953125
0.27056884765625
0.04620361328125
0.592132568359375
0.13275146484375
0.150604248046875
0.015015125274658203
0.10235595703125
0.02911376953125
0.66705322265625
0.29998779296875
0.71636962890625
0.73095703125
0.33258056640625
0.0582275390625
0.3148193359375
0.344482421875
0.519775390625
1.082763671875
1.6260986328125
1.093505859375
0.1602783203125
0.27880859375
1.3577880859375
0.6173095703125
0.095458984375
17.646484375
2.365966796875
2.705078125
4.0869140625
14.171875
0.52734375
13.751953125
16.69140625
18.048828125
18.576171875
2.738800048828125
1.11572265625
1.28564453125
2.2539215087890625
2.5888671875
2.74169921875
2.24072265625
0.75
0.314453125
7.054718017578125
1.2423095703125
0.74224853515625
4.4208984375
6.4619140625
4.244140625
8.9044189453125
5.244140625
9.642578125
8.29296875
1.154296875
19.49658203125
9.505859375
2.42578125
5.26953125
18.650390625
10.4609375
13.68359375
6.4765625
8.322265625
9.892578125
8.63671875
2.1484375
3.1640625
16.7852783203125
6.625
32.94140625
19.724609375
28.05078125
3.0859375
0.625
6.3671875
48.8203125
1.7890625
51.203125
35.34375
44.6328125
1.90625
18.14453125
106.3828125
37.2265625
77.109375
233.265625
91.59375
8.5
80.01171875
83.359375
20.34375
7.015625
35.203125
84.53125
2.379874075586492E-12
3.0428992658926355E-12
4.529709940470671E-13
3.743672039036041E-12
1.943778471513724E-12
9.920952948050399E-13
4.338751580235112E-13
1.9166890297128703E-12
2.2652990594451694E-12
5.009326287108706E-12
209.5
19.640625
7.78125
254.03125
206.46875
565.8125
154.03125
3.8125
144.71875
166.25
356.3125
677.375
13.6875
24.125
79.625
532.75
688.625
20.0
566.4375
376.375
5.0457416023164114E-12
5.083933274363517E-12
1.2978063068658243E-11
2.5792701308092283E-12
2.9753977059954195E-12
6.5920602310143295E-12
6.6133765130871325E-12
1.0668799177437904E-11
5.2517989956868405E-12
1.0325962307433656E-11
2.854605440916306E-12
8.885336910680156E-12
6.481926106971514E-12
1.355004997094511E-11
6.03073146976385E-12
1.780264824446931E-11
4.515499085755437E-12
8.190781386474607E-12
9.706013770482994E-12
1.3873346915716008E-11
1.1905143537660479E-11
2.3984370045582182E-11
3.1953106827131705E-11
1.163158458439284E-11
9.130474154517289E-12
5.5315751978923816E-12
4.028777311759768E-11
2.560796019679401E-11
3.813482862824458E-11
2.092548356813495E-11
4.5062620301905554E-11
6.576073019459727E-11
1.2889955769423977E-10
4.1595171751396265E-11
6.244249561860091E-11
9.467271411267575E-11
1.9113599591948763E-12
6.372147254296578E-11
3.5434766232356196E-11
5.992717433400685E-11
7.182165973063093E-11
6.187406142998952E-11
1.2866507859143894E-10
3.005595772265224E-11
1.6696333204890834E-10
4.403943876241101E-11
1.496403001510771E-11
8.259348760475405E-11
1.3015721833653515E-10
6.31246166449273E-11
