2.3475665855698935E-13
7.735478924075781E-14
2.6337265701670276E-13
2.6922908347160046E-14
3.074485110943215E-13
1.709743457922741E-13
2.9282132274488504E-13
3.0578317655738374E-13
3.2757130341565244E-13
1.1185496973098452E-14
1.6780177247710526E-10
2.6943780540023102E-11
1.6001422409317456E-10
1.2443024388630874E-10
1.3019985090068086E-10
1.5151613297348376E-10
2.640092588990228E-10
2.859223968698643E-10
1.297166818403672E-10
3.17555759465904E-10
7.73070496506989E-11
3.883542376571463E-10
1.0226131053059362E-10
8.486722435918642E-11
2.9956481739645824E-10
7.66704033594605E-10
5.997549124004912E-10
1.3108092389302328E-10
2.3584334485349245E-10
6.110099093348254E-10
3.113882485195063E-10
9.351879270982252E-10
9.017639968079642E-10
3.7971403799046224E-11
6.172058419906534E-10
2.369233698118478E-10
7.464677764801309E-10
2.553406375227496E-10
6.832578947069123E-11
1.0921894499915652E-9
5.697984306607395E-10
4.254161467542872E-10
3.865352482534945E-9
1.355147105641663E-9
2.1432242647279054E-9
4.6406967157963674E-10
2.282831701450116E-10
2.3010215954855084E-10
2.742353899520822E-9
3.028617356903851E-10
1.7698766896501184E-9
3.511559043545276E-9
2.780780050670781E-9
2.3283064365386963E-10
2.2068888938520104E-9
3.346940502524376E-10
4.072262527188286E-9
4.282355803297833E-9
3.977220330853015E-9
4.096818884136155E-9
1.204170985147357E-9
2.481101546436654E-9
2.5438566808588803E-9
1.181797415483743E-8
2.64935806626454E-9
1.3797034625895321E-9
1.042644726112485E-8
2.8830982046201825E-10
2.1191226551319816E-10
2.8467184165492654E-10
1.7080310499295592E-8
7.828930392861366E-9
8.625647751614451E-9
1.7826096154749393E-9
2.824890543706715E-9
4.141838871873915E-9
3.2396201277151704E-9
8.009010343812406E-9
2.5533154257573187E-8
3.7198333302512765E-9
3.336026566108522E-8
2.5902409106492996E-9
1.0695657692849636E-8
1.0350049706175923E-8
7.34871719032526E-10
2.1114828996360302E-8
1.6643753042444587E-8
1.7233105609247654E-8
2.8594513423740864E-9
5.8353180065751076E-9
4.682806320661925E-8
3.538298188124345E-8
7.436028681695461E-9
3.66999302059412E-8
2.964952727779746E-8
1.688749762251973E-8
7.075141184031963E-8
3.3105607144534588E-9
7.129710866138339E-8
7.856579031795263E-8
7.14062480290927E-8
5.259062163878725E-8
1.5187833923846483E-7
1.0796065907925367E-7
1.367880031466484E-8
1.8801074475049973E-8
3.355671651661396E-8
2.2308086045086384E-8
1.6322883312006042E-7
1.1941301636397839E-7
4.993783164763954E-13
1.131428284395497E-12
2.5868196473766147E-13
2.4158453015843406E-13
1.8596235662471372E-14
2.8332891588433995E-13
6.478151348687788E-14
2.3725466036239595E-13
5.608846720406291E-13
2.866595849582154E-13
2.860033418983221E-7
7.479684428074451E-8
2.0264997147023678E-7
1.339358277618885E-7
3.884779289364815E-7
1.4097895473241806E-7
2.6766792873833545E-7
2.667075023055212E-7
1.6318517737090588E-7
2.7474015951156616E-8
2.4802284320822945E-7
1.789303497590211E-7
3.174063750166489E-7
3.818422555923462E-7
7.677590474486351E-8
2.682209014892578E-7
4.04485035687685E-7
3.8422876980082066E-7
4.373723641037941E-7
4.894682206768586E-7
8.596107372582651E-7
7.238704711198807E-7
3.14321368932724E-8
8.102506399154663E-8
1.762527973570016E-7
1.0981457307952108E-6
1.0174699127674103E-6
5.0361268222332E-7
1.7811544261725487E-7
1.1586816981434822E-6
1.3238750398159027E-6
1.1473894119262695E-6
1.2351665645846457E-6
1.5925616025924683E-7
1.176958903670311E-6
5.259644240140915E-7
5.448237061500549E-7
1.2475065895856119E-6
2.44705006480217E-7
3.306195139884949E-8
1.4760415112391456E-12
2.180226147174835E-6
1.0714866221228636E-6
8.241739131165104E-6
8.953948693601887E-13
4.740652315149418E-13
5.591083152012288E-13
8.848477506262498E-14
8.72635297355373E-14
1.0508260928077107E-12
3.316439688205719E-6
6.175599992275238E-6
9.471550583839417E-7
4.019588232040405E-6
8.570961654186249E-6
1.180265098810196E-5
6.495043635368347E-6
1.184642343332598E-6
9.056180715560913E-6
3.777444362640381E-6
7.208436727523804E-7
5.748122958948443E-6
2.045370638370514E-5
2.4124979972839355E-5
8.497387227635045E-6
8.458271623101865E-6
9.912997484429198E-6
1.6365200281587278E-5
2.3655593395233154E-6
3.5390257835388184E-7
1.8443912267684937E-5
7.748603820800781E-7
1.9047409297812123E-5
1.605972647666931E-5
3.229081630706787E-5
3.318861126899719E-5
1.403316855430603E-5
2.5741756417119177E-5
1.1920928955078125E-6
3.3583492040634155E-5
1.3975799083709717E-4
1.3649463653564453E-5
1.1451542377471924E-5
6.701797246932983E-5
4.0471553802490234E-5
4.081428050994873E-5
4.222989173285896E-5
9.968876838684082E-6
2.488494101271499E-5
2.9578804969787598E-6
7.598102095585091E-5
1.5780329704284668E-5
2.592802047729492E-6
2.9459595680236816E-5
1.1636316776275635E-4
6.549060350380387E-5
1.9922852516174316E-5
1.1995434761047363E-4
1.2823939323425293E-4
1.249462366104126E-4
6.782352457435081E-13
7.336353746723034E-13
5.383471446407384E-13
3.6071146070071336E-13
1.368904989362818E-13
4.612976667317526E-13
2.6134649999676185E-13
4.3220982348657344E-13
9.394707234378075E-13
9.889866703360894E-13
9.518861770629883E-5
1.7529726028442383E-4
2.22027359995991E-4
7.376074802323274E-5
2.3305416107177734E-5
2.970099449157715E-4
1.4400482177734375E-4
2.4557113647460938E-5
1.494288444519043E-4
1.9824504852294922E-4
1.8787384033203125E-4
5.869269371032715E-4
4.4465065002441406E-5
3.497004508972168E-4
9.28044319152832E-5
1.4364719454817987E-5
0.0010206103324890137
3.636479377746582E-4
2.728104591369629E-4
1.1026859283447266E-5
1.1909008753718808E-4
1.6713142576918472E-4
1.5163421630859375E-4
6.558897439390421E-4
1.0979175567626953E-4
2.47955322265625E-5
6.23464584350586E-5
0.0010402202606201172
2.5987626941059716E-5
5.248785018920898E-4
5.459785461425781E-5
0.0016503334045410156
0.002683401107788086
6.742477416992188E-4
0.0028002262115478516
0.0012543238699436188
0.0010783672332763672
0.0012962818145751953
0.0011653900146484375
0.003023386001586914
0.0010499954514671117
0.0067277029156684875
0.002315521240234375
0.0013718605041503906
4.982948303222656E-4
0.0024995803833007812
3.92913818359375E-4
2.8514862060546875E-4
0.0020470619201660156
4.210472106933594E-4
0.0067157745361328125
0.0019092559814453125
0.0070944130420684814
0.007007598876953125
5.645751953125E-4
0.0021619796752929688
2.422332763671875E-4
1.583099365234375E-4
0.011044517159461975
0.0016727447655284777
0.018291473388671875
0.0039100684225559235
0.013263702392578125
0.020174026489257812
0.009870529174804688
0.00284576416015625
0.00159454345703125
0.0027027130126953125
0.012514114438090473
0.018093109130859375
0.018604280427098274
6.7138671875E-4
0.03115081787109375
0.024627685546875
0.004787445068359375
0.009166717529296875
0.019744873046875
0.002895355224609375
0.0135345458984375
0.01998138427734375
0.06763458251953125
0.06398773193359375
0.10746002197265625
0.002044685184955597
0.0332489013671875
0.04350471496582031
0.1125793531537056
0.03443145751953125
0.07605171203613281
0.0042572021484375
0.1595611572265625
0.0069427490234375
0.157562255859375
0.069366455078125
0.070953369140625
0.0704345703125
0.005859375
0.2285919189453125
0.07382965087890625
0.1014251708984375
2.8841373733712317E-12
8.593126210598712E-13
3.4301450568818836E-12
1.8898216325169415E-12
1.8742785101721893E-12
1.871613974913089E-12
5.686562332130052E-13
1.1834977442504169E-12
2.0687895840865183E-12
3.5840219680949303E-12
0.133453369140625
0.03741455078125
0.167083740234375
0.22894287109375
0.108001708984375
0.09869384765625
0.1861572265625
0.261871337890625
0.008880615234375
0.089263916015625
0.76519775390625
0.32177734375
0.59423828125
0.3795166015625
0.29595947265625
0.027954578399658203
0.08184814453125
0.67364501953125
0.28070068359375
0.631103515625
1.503173828125
0.839599609375
0.426513671875
1.135986328125
0.0367431640625
0.2901630401611328
0.86566162109375
1.3913593292236328
0.6201171875
0.5618896484375
0.1298828125
1.8020095825195312
1.666259765625
0.14013671875
1.878173828125
1.358642578125
1.08349609375
1.267578125
0.095458984375
0.8310546875
7.26416015625
2.614776611328125
0.4482421875
1.86376953125
0.2158203125
0.47314453125
2.126953125
2.5009765625
4.015625
2.8798828125
10.296875
12.5576171875
9.1064453125
0.6904296875
4.484375
0.6298828125
6.9775390625
10.173828125
4.8671875
4.7470703125
10.064453125
2.9609375
14.171875
6.453125
16.90234375
9.83984375
12.03515625
11.490234375
5.484375
8.50048828125
5.05078125
0.859375
25.087890625
12.2265625
27.73046875
2.90234375
44.79296875
18.29296875
3.4453125
34.05859375
38.453125
53.9140625
37.8125
35.75
33.765625
18.578125000000004
2.4453125
120.0546875
9.65625
10.5234375
13.171875
98.828125
180.859375
70.9765625
114.45703125
53.03125
114.41409301757812
99.5859375
3.1953125
2.4375
1.4752643551219145E-12
2.2528645615693677E-12
3.8755665343614965E-12
2.4829027722717E-12
1.4579448759377556E-12
3.241407142695607E-12
2.0015100687942322E-12
2.700950574308081E-12
7.323031070427533E-13
5.6279425564298435E-12
53.0625
311.8125
218.65625
176.65625
227.234375
47.03125
223.6328125
84.46875
57.03125
174.59375
559.0
705.9375
271.5625
529.0625
404.0
326.8125
237.96875
281.125
49.50000000000003
284.1875
2.5206503551089554E-12
8.412825991399586E-12
8.213874025386765E-12
1.283417816466681E-12
7.096545573404001E-13
5.208278253121534E-12
5.926814594658936E-12
1.3576695323536114E-11
7.94120325053882E-12
5.0457416023164114E-12
2.6805224706549883E-11
1.1922907106054481E-11
9.652723065300974E-12
1.2219558698234323E-11
2.632205564623291E-11
1.4068746168049984E-12
9.521272659185342E-12
2.5503155143269396E-11
2.078692773466173E-11
2.8901325777042075E-12
3.0819791163594346E-11
1.9234391857025912E-11
3.667821601993658E-11
3.803179993155936E-11
2.1870505406695884E-11
2.1078250256323786E-11
3.0752289603697136E-11
1.5432988220709376E-11
1.4548362514688051E-11
4.82209827623592E-11
1.1525003174028825E-11
6.379963224390105E-11
5.241673761702259E-11
4.334310688136611E-11
3.100097956121338E-11
2.1451285192597425E-11
3.220179678464774E-11
7.545963853772264E-12
3.203837195542292E-11
4.1730174871190684E-11
3.2457592169521376E-11
1.0885514711845066E-10
6.187406142998955E-11
4.148148491367465E-11
2.476383542671101E-10
6.062350621505506E-11
2.7895907805941533E-11
4.8331116886402015E-11
4.0543568502471317E-11
1.2963141671207268E-10
