2.404187959825777E-13
9.672818102046676E-14
1.3397616349664077E-13
2.273181642920008E-14
3.0703217746008704E-13
2.404465515581933E-13
2.7505775435088253E-14
2.2326585025211898E-13
1.4038770146385107E-13
1.1163292512605949E-13
1.3523049346986227E-10
2.1006485440011612E-10
6.204459168657195E-11
1.432454155292362E-10
8.603251444583293E-11
1.468833943363279E-10
1.4014744920132226E-10
2.418687472527381E-10
1.503508428868372E-11
1.5546675058431095E-11
3.9267433749046177E-10
1.481907929701265E-10
3.4788172342814505E-11
1.0970779840135947E-10
7.37827576813288E-11
3.1309355108533055E-10
3.1513991416432005E-10
3.6635583455790766E-10
4.970956979377661E-10
8.672031981404871E-10
7.391918188659474E-10
5.051106199971417E-10
7.067910701152869E-10
2.0585275706253015E-9
1.09253051050473E-10
9.76797309704125E-10
4.963567334925756E-10
1.119474291044753E-9
1.22076926345556E-9
1.3411636246019043E-9
2.794422471197322E-10
1.0406893125036731E-9
2.3669599613640457E-10
2.870820026146248E-9
1.1029896995751187E-9
1.7721504264066683E-9
1.0466010280651972E-9
4.1154635255225E-11
2.7857822715313262E-9
1.4438228390687587E-10
2.3132997739628576E-9
6.762093107681721E-10
2.0040715753566507E-9
2.253727870993316E-9
1.0609255696181208E-9
4.799858288606629E-9
1.3601493265014142E-9
2.2005224309396E-9
1.4779288903810084E-10
5.297806637827307E-10
4.035427991766483E-9
1.901753421407193E-9
5.271431291475892E-9
4.892172000836581E-9
6.290974852163345E-9
8.744791557546705E-9
7.740709406789392E-9
4.1754901758395135E-9
5.547008186113089E-9
5.668880476150662E-9
1.1072188499383628E-8
8.341885404715508E-9
9.804352885112166E-10
3.1232048058882356E-9
3.7834979593753815E-10
8.312781574208799E-10
1.5297700883820653E-8
1.022453943733126E-8
1.7136699170805514E-8
9.422365110367537E-9
1.5690602594986558E-8
5.1979441195726395E-8
4.9367372412234545E-9
3.2712705433802364E-8
4.0981831261888146E-8
1.0291842045262456E-8
2.4665496312081814E-8
2.2166204872043488E-8
1.856096787399876E-8
3.3396645449535606E-8
1.2951204553246498E-9
3.95521055907011E-8
6.1285390984267E-8
2.08965502679348E-8
3.149034455418587E-8
1.8189894035467035E-9
4.241883289068937E-8
3.093737177550793E-8
8.207280188798904E-9
6.706977728754282E-8
7.006747182545375E-8
1.3547833077609539E-8
7.446215022355318E-8
3.0850060288474535E-9
7.526250556111336E-8
9.642099030315876E-8
7.03730620443821E-8
7.395283319056034E-8
2.699380274862051E-8
1.2667442206293344E-7
1.0252909632413331E-13
1.4421797089880786E-13
1.377953307013513E-12
3.921307722976053E-13
5.062616992290714E-13
4.581335311115708E-13
1.3883338922937583E-13
7.16093850883226E-14
3.228528555609955E-13
1.4693801730913947E-13
2.8422800824046135E-7
1.4167744666337967E-7
1.9455910660327836E-7
4.415051080286503E-7
1.5218392945826054E-7
3.7348945625127717E-7
3.646709956228733E-8
1.423177309334278E-7
1.5753903426229954E-7
1.5416298992931843E-7
1.0652001958272187E-7
3.257300704717636E-7
4.6263448894023895E-7
1.1874362837449581E-7
2.0838342607021332E-7
4.676985554397106E-7
2.491287887096405E-7
3.2904790714383125E-7
9.255018085241344E-9
3.123423084616661E-7
1.2675300240516663E-6
1.1025695130228996E-6
5.746260289818395E-7
5.44707290828228E-7
5.337642510205853E-7
1.7746351659297943E-6
5.133915692567825E-8
5.871988832967939E-7
5.42844645678997E-7
6.82310201227665E-7
8.777715265750885E-8
1.238891855104285E-6
6.963964551687241E-7
6.87548890709877E-7
1.0218936949968338E-6
1.314096152789379E-6
3.8137659430503845E-7
2.4274922907352448E-6
5.448237061500549E-8
1.325039193034172E-6
3.101769834756851E-6
2.8139911592006683E-6
4.819594324190213E-7
2.6612542587400867E-6
1.3131648302078247E-7
2.126675099134445E-6
2.2845342757538134E-6
7.742084562778473E-6
1.808628447012156E-6
2.2659078240394592E-6
4.277564585208893E-6
4.2244791984558105E-6
4.698522389046111E-6
6.632879376411438E-6
5.337409675121307E-6
2.1420419216156006E-7
1.1997297406196594E-5
4.752539098262787E-6
2.4680048511527275E-6
4.982575774206688E-6
1.9142404198646545E-5
4.358589933417534E-7
1.0196119546890259E-5
9.454786777496338E-6
2.3566186442280923E-5
1.3154000043869019E-5
1.002475619316101E-5
8.616596460342407E-6
8.754432201385498E-7
2.1571293473243713E-5
2.0604580640792847E-5
1.842901110649109E-5
2.7358531953680654E-5
2.921372652053833E-5
4.727393388748169E-6
3.874301910400391E-6
1.710653305053711E-5
1.9531697063257525E-5
2.767890691757202E-6
1.4055520523470477E-5
4.2244791984558105E-5
1.512467918018956E-6
3.95849347114563E-5
1.1228024959564209E-5
8.551031351089478E-5
4.1425228118896484E-5
6.221234798431396E-5
3.3371150493621826E-5
1.2546777725219727E-5
4.78401780128479E-5
8.770823479054002E-5
1.4406442642211914E-4
7.978081703186035E-5
6.979703903198242E-5
1.1126697063446045E-4
1.509488356532529E-5
9.596347823048745E-6
4.1857361793518066E-5
1.2522936594905332E-4
3.859400749206543E-6
1.5352163984516665E-12
5.880851361439454E-13
8.339995360984178E-13
1.0559331187209864E-12
8.483214131160823E-13
2.5135449277513544E-13
1.9251267247000214E-13
1.659783421814609E-12
9.084955010507657E-13
1.1404210908949608E-12
2.0548701286315918E-4
7.927417755126953E-6
2.0861625898760394E-5
1.1056662515329663E-5
1.73091895703692E-4
1.2901428272016346E-4
3.4534935548435897E-4
4.6759843826293945E-5
1.8963217917189468E-4
8.225440979003906E-6
5.474686622619629E-4
4.6694278717041016E-4
4.506111145019531E-5
2.6726722717285156E-4
5.314350128173828E-4
4.075169599673245E-4
5.019903187530872E-4
2.918839454650879E-4
2.7626752853393555E-4
3.1942129135131836E-4
1.608133316040039E-4
0.0010629892349243164
7.872586138546467E-4
9.121894836425781E-4
1.4710426330566406E-4
6.103515625E-5
0.0010945796966552734
6.403923034667969E-4
5.216598510742188E-4
5.785226821899414E-4
0.0017604837203180068
0.0029366016387939453
0.002120494842529297
0.0025110244750976562
5.3882598876953125E-5
0.0015234947204589844
0.0022118091583251953
0.0012221373617649078
0.005117656663060188
2.3293495178222656E-4
9.884834289550781E-4
0.0023212432861328125
0.005652904510498047
4.305839538574219E-4
0.002310276060597971
0.004759788513183594
0.0035429000854492188
0.0023517608642578125
6.270427256822586E-4
0.0025582313537597656
2.2602081298828125E-4
0.004540443420410156
0.020600318908691406
0.010036468505859375
0.008209228515625
0.0016880035400390625
0.0052433013916015625
7.648468017578125E-4
5.054473876953125E-4
0.0031862258911132812
0.012815505266189575
0.0047588348388671875
0.009683609008789062
0.0034389495849609375
0.013443022966384888
0.0014610891230404377
9.19342041015625E-4
0.008256912231445312
0.00262451171875
0.01795196533203125
0.004280092427507043
0.00782012939453125
0.002666473388671875
0.012706756591796875
0.002796173095703125
0.001056671142578125
0.035015106201171875
0.02241230010986328
0.019145965576171875
0.05973052978515625
0.00457000732421875
0.06261444091796875
0.019744873046875
0.07299041748046875
0.02191162109375
0.019455909729003906
0.16051483154296875
0.004052162170410156
0.00168609619140625
0.0689697265625
0.0810546875
0.0493927001953125
0.089324951171875
0.19775390625
0.2733306884765625
0.03497314453125
0.0784759521484375
0.0190277099609375
0.0291748046875
0.0783538818359375
1.3988810110276988E-13
2.899458451111059E-12
1.0644818360106E-12
6.974421040695233E-13
6.301625887772389E-13
1.1790568521519162E-12
1.9055867994666187E-12
4.642952688982405E-13
1.0795808691455022E-12
1.9952928198563313E-12
0.1943359375
0.13470472395420074
0.1876220703125
0.023468017578125
0.154510498046875
0.19744873046875
0.266754150390625
0.148193359375
0.2077944278717041
0.606292724609375
0.01709032058715823
0.339996337890625
0.2945556640625
0.59649658203125
0.020996153354644803
0.283447265625
0.2708740234375
0.38134765625
0.2534794807434082
0.2623291015625
1.088623046875
0.68408203125
0.7744140625
0.9454345703125
0.1290283203125
0.5189208984375
0.4172382354736328
0.593505859375
0.5921630859375
0.127685546875
2.6011548470708395E-10
2.11376953125
1.214111328125
3.67435859516263E-10
8.581082511227578E-10
6.7288965510670096E-9
1.9927028915844858E-9
6.430127541534603E-10
8.490133041050285E-10
5.916263035032898E-10
4.42138671875
5.50390625
0.1025390625
1.01953125
0.11865234375
1.11376953125
0.556640625
8.3779296875
0.46044921875
1.2353515625
5.0244140625
8.21875
13.0771484375
8.6640625
6.673828125
8.703125
1.2880859375
9.021484375
0.73828125
6.22265625
5.587890625
1.53515625
13.1376953125
1.322265625
18.9375
16.80859375
5.37109375
1.015625
9.7109375
16.15625
28.734375
11.794189453125
26.91015625
1.61328125
6.68017578125
25.046875
5.51953125
1.11328125
6.44970703125
25.765625
61.5078125
38.7109375
141.47265625
65.1015625
12.4296875
61.734375
36.6171875
5.548828125
75.814453125
33.046875
80.71875
47.59375
3.5625
116.515625
120.390625
3.125
145.84375
79.265625
138.03125
78.28125
3.397282455352979E-13
3.1890046159332996E-12
2.4860113967406505E-12
4.4142467459096224E-12
2.424727085781342E-13
7.37898631086864E-12
3.8471448249310924E-12
1.6249224188413791E-12
2.3026025530725747E-12
4.89119855728859E-12
381.6875
147.5
38.828125
281.78125
92.4375
73.375
38.75
299.0
6.84375
182.4375
16.0625
377.625
382.5
15.4375
48.75
49.75
488.375
302.0625
70.875
154.25
3.0260238759183525E-12
4.401812248033821E-12
1.5285550603039155E-12
8.09041722504844E-12
2.3216983890961274E-12
9.553247082294547E-12
5.2375881409716385E-12
4.1024961205948784E-12
7.993605777301127E-13
4.267697306659102E-12
7.672085189369682E-12
9.679368417891965E-12
1.1127099242003169E-11
1.7905676941154529E-12
5.005773573429906E-12
1.1828760193566371E-11
1.0022205287896213E-11
2.2879476091475226E-12
1.531219595563016E-12
1.142019812050421E-11
3.412736759855761E-11
8.622436098448816E-12
3.602451670303708E-12
3.769429213207435E-12
3.1608493600288057E-11
2.3096191625882057E-11
8.032685627767933E-12
2.3742785515423748E-11
3.3086422490669065E-11
5.9117155615240335E-12
4.1768544179091136E-10
3.565503448044183E-11
1.1081624506914522E-10
2.376765451117535E-11
7.453593298123451E-11
3.466738007773529E-11
3.630873379734112E-12
2.2104984509496717E-11
1.1294076784906792E-10
4.355626970210241E-12
2.1175594611123167E-10
1.6011370007618098E-10
1.226254653374781E-10
9.104894616029924E-11
1.0538769856793806E-10
4.7990056373237167E-11
1.1937117960769683E-11
1.5161560895649018E-10
1.417816974935704E-10
9.227107966580661E-11
