1.9148571617222387E-13
2.069733273657448E-13
2.3092638912203256E-14
1.3522516439934407E-13
3.7606029401615615E-13
1.8982038163528614E-13
6.389333506717776E-14
1.3206102877916237E-13
1.5837331446277858E-13
7.066569551739121E-14
2.2075141714594793E-10
3.319655661471188E-11
1.985540620808024E-10
1.9440449250396354E-11
1.722355591482483E-11
2.638955720613012E-10
1.4671286407974549E-10
6.389200279955483E-11
2.3095481083146296E-10
2.6744828574010833E-10
2.1879031919525005E-10
6.161826604511589E-10
1.596163201611489E-10
2.7483793019200717E-10
5.939000402577221E-10
4.803268893739336E-10
2.5988811103161424E-10
5.894662535871085E-11
1.27613475342514E-10
1.6837020666571334E-10
5.695710569852963E-11
3.7709924072260037E-10
1.1402789823488676E-10
1.0710436981754505E-9
1.0815028872457333E-9
1.4493934941129903E-9
1.5018031263025478E-10
9.908944775816053E-10
7.150902092689648E-11
1.0165877029066905E-9
3.219611244276166E-10
2.773958840408093E-11
1.1032170732505686E-9
2.5684130378067493E-9
2.6284396881254567E-9
1.2785221770172939E-9
1.3428689271677285E-9
9.756604413277558E-10
1.0893472790485248E-9
1.5111254469957203E-9
1.3642420526593924E-9
1.0609255696181473E-9
5.900346877751872E-9
2.419255906715989E-9
4.1154635255225E-9
4.110006557311863E-9
1.0099938663188368E-9
6.107256922405213E-10
6.298250809777528E-10
2.2100721253082156E-10
1.154148776549846E-9
1.4404577086683026E-8
1.0270923667121679E-8
7.039488991722465E-10
3.942659532185644E-9
1.3869794202580316E-9
6.288246368058026E-9
1.1314114090597328E-9
1.1002157407347113E-8
8.694769348962746E-9
1.5710611478425562E-8
2.143679012078792E-8
2.097476681228727E-8
1.800799509510398E-9
2.8012436814690893E-10
2.28283170145005E-8
1.602711563464254E-8
9.73159330897118E-9
8.256392902748853E-9
1.1241354513913393E-8
8.512870408594608E-10
4.079629434272647E-8
1.1412339517848398E-8
9.116774890571833E-9
8.076312951743603E-10
4.747198545417344E-8
5.749825504608452E-8
1.6112608136609197E-8
3.75803210815942E-9
3.001332515850663E-9
3.2137904783582916E-8
4.543107934643076E-8
1.7935235518962145E-8
3.2123352866619825E-8
3.370223566889763E-8
3.444438334554434E-8
1.6720150598260874E-8
4.6864442992955446E-8
4.141475074079942E-8
3.170862328261137E-8
7.016933523118496E-8
6.482878234237432E-8
1.0069925338029861E-7
1.0637450031936169E-8
7.917697075754404E-8
1.4463148545473814E-7
1.9755680114030838E-7
6.637128535831593E-8
2.6047928258776665E-9
1.4089164324104786E-7
4.94992935529126E-13
2.6872948311051914E-13
3.9757086511826856E-13
2.2576385205752568E-13
1.6553425297161084E-13
3.941291737419306E-14
4.204414594255468E-13
7.172595850590824E-13
9.880984919163893E-14
3.9901415505028126E-13
1.5978002921614165E-8
3.065506462007761E-7
2.5477493181824684E-7
1.3475073501467705E-7
9.045470505952835E-8
1.287553459405899E-7
2.1333107724785805E-8
1.3096723708999614E-8
1.4874967746436596E-7
1.400767360160149E-7
2.8812792180138783E-8
1.4784745872020721E-7
2.87545844912529E-7
7.299240678548813E-8
2.5192275643348694E-7
2.8370413929224014E-7
7.260241546847013E-7
6.508780643343925E-7
1.9150320440530777E-8
6.582704372704029E-7
9.359791874885559E-8
5.707843229174614E-7
7.105991244316101E-7
3.6228448152542114E-7
8.35862010717392E-8
2.7008354663848877E-8
5.349284037947655E-7
1.0551884770393372E-6
1.055654138326645E-6
1.2912787497078304E-6
2.1590385594905115E-6
1.080567017197609E-6
2.670101821422577E-6
2.1262094378471375E-6
1.6461126506328583E-7
1.1387746781110764E-6
2.1120067685842514E-6
3.129243850708008E-7
8.055940270423889E-8
1.796754077076912E-6
5.922745913267136E-6
6.23706728219986E-6
4.301778972148895E-6
4.030298441648483E-6
3.4552067518234253E-7
5.71180135011673E-6
4.189088940620422E-6
1.447740942267517E-6
3.080815076828003E-6
4.662666469840149E-6
1.119449791531224E-6
2.3562461148873837E-7
1.8067657947540283E-7
4.76837158203125E-7
1.1097639799118042E-5
5.545094609371581E-6
1.7043203116851036E-7
1.4295801520347595E-6
4.043802618980408E-6
4.732981324195862E-6
2.9888004064559937E-5
7.448717951774597E-6
9.398907479862828E-6
1.8633902072906494E-5
9.723007683426488E-7
1.3070181012153625E-5
3.371573984622955E-5
2.7198344469070435E-5
2.7790665626525887E-6
1.699104905128479E-5
2.36572265625
8.791685104370117E-7
0.71484375
2.2041015625
0.3857421875
2.7333984375
2.2392578125
3.7490234375
5.54541015625
4.3564453125
3.618001937866211E-5
6.845593463822297E-5
3.596395254135132E-5
6.730109453201294E-5
3.939121961593628E-5
9.532272815704346E-5
4.9576165110920556E-5
4.05311585183199E-6
3.61353159101796E-5
1.1675059795379639E-5
1.4606118202209473E-4
7.644295692443848E-5
1.1277198791503906E-4
9.109079837799072E-5
4.172325134721433E-6
3.361701965332031E-5
4.161895776633173E-5
1.9127130511620294E-4
4.1574240015052055E-6
2.662241458892822E-4
3.134159598516817E-13
5.040412531798216E-14
9.873213357991517E-13
1.0086376178719547E-12
5.346834086594754E-13
7.155387393709134E-13
8.892886427247504E-13
3.0897506775318107E-13
3.375077994860478E-13
1.5087930904655887E-13
2.0116567611694336E-5
2.8711563209071755E-4
8.821487426757812E-6
1.5115737915039062E-4
6.735324859619141E-6
1.952052116394043E-5
7.3015689849853516E-6
4.4158101081848145E-4
1.0326504707336426E-4
1.8897652626037598E-4
4.410743713378906E-5
1.233816146850586E-5
1.2934207916259766E-5
2.887845039367676E-4
4.425644874572754E-4
4.243862349539995E-5
4.4292223174124956E-4
5.781650543781325E-4
2.549290657043457E-4
4.756450653076172E-5
4.6503543853759766E-4
0.0012755393981933594
2.1159648895263672E-4
5.761384963989258E-4
8.825063705444336E-4
7.636547106812941E-4
2.657175064086914E-4
6.175045855343342E-4
0.0012551546096801758
2.9921531677246094E-4
6.508850492537022E-5
0.0017957687377929688
0.002053976058959961
0.0012865066528320312
5.929488688707352E-4
1.3065338134765625E-4
0.0012195110321044922
0.0014100074768066406
0.0024917125701904297
1.8072128295898438E-4
0.0026183128356933594
4.3249878217466176E-4
2.2554397583007812E-4
0.00300455279648304
0.0035610198974609375
5.059242248535156E-4
0.0029425621360132936
0.004481315612792969
4.6253204345703125E-4
0.002173900604248047
0.007970809936523438
0.005356788635253906
0.008366584777832031
0.00274658203125
0.0017299652099609375
0.006022453308105469
0.009092330932617188
0.009264975786209106
0.004487037658691406
0.00496673583984375
0.0092926025390625
0.001132965087890625
0.017852783203125
0.0048656463623046875
5.893707275390625E-4
0.008287489414215088
0.011757017113268375
0.009645462036132812
0.014678955078125
0.01764678955078125
0.019176483154296875
0.0478668212890625
0.019138576462864876
0.006084442138671875
0.033199310302734375
0.0200347900390625
0.019145965576171875
0.017730712890625
8.4686279296875E-4
0.04488372802734375
0.04399871826171875
0.06595611572265625
0.0055315494537353516
0.00963592529296875
0.03896331787109375
0.04712104797363281
0.00292205810546875
0.00885009765625
0.03731536865234375
0.01070404052734375
0.0049591064453125
0.0781097412109375
0.0289306640625
0.0856170654296875
0.015960693359375
0.1398622989654541
0.0818328857421875
0.0324554443359375
0.0756077766418457
0.0495758056640625
2.842837076855176E-12
3.5016434196677437E-13
6.408207298136404E-13
1.1284306822290091E-12
3.29847260616134E-12
3.412825577697731E-13
1.1826095658307184E-12
1.0791367799356522E-13
1.3318235403403378E-12
9.090506125630782E-13
0.25927734375
0.015350341796875
0.013702392578125
0.0302734375
0.23077392578125
0.2879953384399414
0.2959022521972656
0.03704833984375
0.29803466796875
0.273895263671875
1.12542724609375
0.3443603515625
0.01800537109375
0.0455322265625
0.432861328125
0.1375732421875
0.605224609375
0.162109375
0.3904423713684082
0.38873291015625
0.587646484375
0.1900634765625
1.0262451171875
0.355224609375
0.7103271484375
0.30303955078125
0.5623779296875
0.05487060546875
0.1170654296875
0.339111328125
1.66455078125
1.200927734375
2.267333984375
0.260498046875
2.5712890625
2.10302734375
0.150390625
1.17431640625
2.24755859375
0.099365234375
0.18408203125
3.865234375
1.35205078125
2.32763671875
2.10791015625
2.318359375
0.1484375
0.36279296875
2.117218017578125
2.091796875
0.2763671875
5.716796875
8.87109375
12.335952758789062
3.08203125
0.26171875
6.5087890625
6.9892578125
4.78125
5.2626953125
8.38720703125
10.58642578125
2.224609375
19.09423828125
14.04296875
10.7958984375
8.88671875
14.27734375
8.322265625
10.57421875
5.93359375
5.529296875
1.0390625
19.8671875
23.96875
5.87890625
20.90234375
19.380859375
36.1953125
36.6796875
33.2890625
17.40625
5.79296875
42.64453125
18.21875
3.0390625
54.3359375
25.96875
50.1171875
3.25
26.984375
6.375
107.90625
16.984375
43.046875
4.390625
17.53515625
228.89453125
153.71875
213.4375
3.455014052633487E-13
5.9472426983120386E-12
1.240785252321075E-12
6.794564910705958E-13
5.316636020324956E-12
9.072742557236779E-13
2.9096725029376103E-12
4.296119016089506E-12
6.710187960834446E-13
2.6627589022609754E-12
137.25
54.84375
24.40625
131.125
416.625
408.65625
315.65625
199.25
153.666015625
6.9375
374.5625
10.125
418.75
152.0
989.9375
128.4375
190.75
157.375
687.9375
762.5
4.298783551348606E-12
4.375166895442817E-12
3.566924533515703E-12
6.323830348264892E-12
2.303934820702125E-12
4.5208281562736374E-12
1.4868106745780096E-12
7.556621994808665E-12
3.8902214782865485E-12
1.0573764086529991E-11
1.0452083643031074E-11
8.748557434046234E-12
1.0450307286191673E-11
1.3987033753437572E-11
1.858957432432362E-11
9.126921440838487E-12
1.0631495683810505E-11
9.299228054260337E-12
2.611066918234428E-11
2.888356220864833E-12
1.1290524071228005E-11
2.1550761175603942E-11
2.538769194870838E-11
5.610445441561751E-11
2.4300561562995426E-12
1.5369039374490967E-11
2.3632651391380932E-11
4.2167158653683146E-11
5.24735810358834E-12
4.831690603168681E-12
1.1831247093141594E-10
8.904521564545576E-11
6.154721177153988E-11
8.161293862940842E-11
3.125677494608681E-11
7.027267656667391E-12
1.1709744285326451E-11
6.851053058198886E-11
4.416733645484948E-11
5.95719029661268E-11
1.3818635125062428E-10
7.702283255639486E-11
6.8098415795248E-11
2.1883295175939566E-10
7.865708084864309E-11
7.318590178329058E-12
1.3514522834157106E-11
5.471179065354426E-12
3.385025593161117E-11
2.155218226107536E-10
