2.6562085864156883E-14
3.472222509515177E-14
2.3225865675158275E-13
1.9517720772910252E-13
8.432143872028064E-14
3.3556490919295356E-14
2.702282841937631E-13
3.628763955987324E-13
2.776945340343673E-13
2.6453839119255917E-13
1.4807710613240488E-11
1.8499690668249968E-10
2.352749106648853E-10
3.026912054338028E-11
2.521574060665576E-10
1.728608367557304E-10
3.0823343877273146E-10
1.4725287655892316E-10
8.117240213324708E-11
2.9814373192493804E-11
1.0601297617540695E-10
2.1816504158778116E-10
3.781224222620949E-10
7.997869033718335E-11
4.888534022029489E-10
5.303490979713388E-11
5.248921297607012E-10
4.748130777443293E-10
1.3130829756846651E-10
1.0451230991748162E-9
1.7803358787226246E-10
2.42494024860207E-10
1.0161329555558305E-9
3.694822225952521E-11
6.117488737800159E-10
1.1460770110716112E-9
1.0148824003408663E-9
1.7200818547280505E-10
1.0862777344300412E-9
4.524736141320318E-11
1.299213181482628E-9
1.127773430198431E-9
1.3035332813162612E-9
1.6711965145078086E-9
2.191882231272757E-10
1.780335878720507E-10
1.741682353903628E-10
6.448317435570194E-10
3.2741809263825417E-10
1.9897470338037238E-9
7.350081432381308E-9
5.11090547661297E-9
2.636625140439719E-9
1.2232703738845887E-9
9.182713256463922E-9
5.342826625565067E-9
6.772097549401224E-9
1.7507773009128869E-10
2.2400854504675693E-9
2.308297553099692E-9
9.722498361952603E-9
1.416628947481513E-8
1.3405951904149903E-9
6.857590051435642E-10
1.1812517186626792E-8
4.643879947259454E-9
2.02817318495363E-10
3.9581209421158896E-9
4.346475179772824E-9
4.501089279074222E-9
6.662958185188472E-9
7.914422894828022E-9
1.3587850844487548E-9
2.7612259145830336E-9
9.30231180973351E-9
2.8067006496712565E-9
1.2876625987701118E-8
9.713403414934874E-10
1.849548425525427E-8
2.3410393623635173E-9
2.904198481704025E-8
1.7760612536221743E-8
1.7822458175942302E-8
2.5538611225783825E-9
6.639311322942376E-9
5.598849384114146E-9
1.9063008949160576E-9
1.8513674149289727E-8
4.762114258483052E-9
3.9108272176235914E-9
9.273207979276776E-8
2.663000486791134E-9
6.100890459492803E-8
9.182258509099483E-9
3.781315172264599E-8
4.591129254549742E-9
3.219611244276166E-8
9.480572771454476E-8
6.101618055254221E-8
4.8967194743455303E-8
6.2427716329693794E-9
3.600143827497959E-8
4.0468876250088215E-8
2.5029294192790985E-8
6.421760190281002E-8
7.112976163625717E-8
6.520713213831186E-8
4.530011210590601E-8
7.421476766467094E-8
1.8117134459343836E-8
7.668310431085956E-13
1.5648593532091581E-13
4.955480470414386E-13
3.994582442601313E-13
5.103695244201845E-13
3.7692071686024065E-13
5.090927679418655E-13
2.1549428907974288E-13
4.984901380566953E-13
7.609468610780823E-13
8.151982913706668E-8
1.5454133972525597E-8
2.9863440431654453E-7
2.109445631505143E-7
6.574555300176144E-8
1.0951771400868893E-7
1.339358277618885E-7
1.1204974725842476E-7
1.9959406927227974E-7
7.596099749207497E-9
4.2474130168557167E-7
3.135646693408489E-7
5.7974830283691325E-8
6.979098554626972E-8
2.1886080503463745E-8
3.8766302168369293E-7
1.0593794286251068E-8
2.220040187239647E-7
5.179317669190553E-7
9.674113243818283E-8
3.798631951212883E-7
5.388865247368813E-7
5.51808625459671E-8
5.820766091346741E-8
3.6670826375484467E-8
4.961621020704854E-7
1.200241968035698E-7
1.185922883450985E-6
6.034970283508301E-7
6.85686245560646E-8
1.7462298274040222E-7
2.0526349544525146E-6
1.0076910257339478E-6
4.819594323635101E-8
1.741340383887291E-6
1.0998919606208801E-6
6.614718586206436E-7
1.004431397610972E-6
1.4498364180335135E-6
2.01468355954474E-6
0.09320068359375
2.4102628231048584E-6
2.970919013300932E-7
5.5781565606594086E-6
4.920177161693573E-6
1.3043172693016913E-6
4.437752068042755E-7
0.07525634765625
0.51416015625
0.72705078125
5.081295967102051E-6
1.361314207315445E-5
8.53557139635086E-6
4.114583134762206E-6
2.9690563678741455E-6
7.76536762714386E-6
8.819624781608582E-7
4.285015165805817E-6
4.505738615989685E-6
1.0701827704906464E-5
1.2597069371622638E-5
9.506940841674805E-6
1.4510005712509155E-6
1.0654330253601074E-6
1.8831342458724976E-6
1.5757977962493896E-5
2.8477981913965777E-5
1.1492520599176714E-5
2.5350600481033325E-5
4.3977051973342896E-6
1.362338662147522E-5
4.7497451305389404E-6
2.4732202291488647E-5
9.387731552124023E-7
3.262236714363098E-5
1.072883607733388E-6
3.639981150627136E-5
1.8719583749771118E-5
3.870576620101929E-6
2.7965754384240427E-5
1.28135085105896E-4
2.0466744899749756E-5
2.5190412998199463E-5
2.4922192096710205E-5
4.37125563621521E-5
2.250075340270996E-6
5.7637691497802734E-5
5.8583917052601464E-5
1.0227411985397339E-4
1.792609691619873E-5
4.410743713378906E-6
3.2633543014526367E-6
8.076429367065436E-6
1.2612342857210024E-4
6.1541796014807915E-6
6.408989429473877E-5
9.153783688020667E-5
1.1083483695983887E-4
8.325278759002686E-5
1.363307237625122E-4
7.462919171530302E-13
1.3200551762793111E-13
5.956346527113965E-13
9.702239012199243E-13
9.735545702937998E-13
5.949685188966214E-13
1.056932319443149E-12
9.703349235223868E-14
1.6848744621711376E-12
1.0662581928500003E-12
3.859400749206543E-5
5.125999450683594E-6
8.255243301391602E-6
9.119510650634766E-6
2.5284290313720703E-4
7.572770118713379E-5
3.557801537681371E-4
6.8247318267822266E-6
2.835690975189209E-4
1.6617774963378906E-4
5.071163178058669E-4
7.60912953467141E-4
5.531907081604004E-4
5.295872688293457E-4
1.0567903518676758E-4
3.2365351216867566E-5
9.22083854675293E-5
8.642673947178992E-6
5.882978439331055E-5
5.877023795619607E-5
0.0015636682510375977
0.002136470749974251
0.0011246204376220703
5.69462776184082E-4
4.993677139282227E-4
2.78472900390625E-4
1.6355514617316658E-4
0.0018017292022705078
7.832050323486328E-4
3.790855407714844E-5
0.0012323856353759766
0.0013716221146751195
0.001203298568725586
0.0029578208923339844
1.1277198791503906E-4
1.0800361633300781E-4
2.052783966064453E-4
0.0011012572795152664
0.0018162727355957031
5.517005920410156E-4
0.005601406097412109
0.0017271041870117188
0.0021696090698242188
0.004397869110107422
0.0025916099548339844
0.004582881927490234
9.741783142089844E-4
0.005238533020019531
1.2683868408203125E-4
0.005197048187255859
0.0012464523315429688
0.011432647705078125
0.0025691987248137593
0.0048675537109375
0.0052890777587890625
0.009328842163085938
9.183883666992188E-4
0.004565238952636719
0.012430191040039062
0.004763603210449219
0.0102081298828125
7.400531321763992E-4
0.010711669921875
0.00966644287109375
0.010850906372070312
0.012203216552734375
0.00880056619644165
0.025285720825195312
0.007749557960778475
0.013549805153161287
0.0377655029296875
0.0063018798828125
0.002788543701171875
0.04266786575317383
0.01656365394592285
0.049495697021484375
0.04574298858642578
0.008785247802734375
0.0029296875
0.007293701171875
0.04232025146484375
0.11904335021972656
0.00637054443359375
0.05324554443359375
0.06888580322265625
0.0047454833984375
0.001953132450580597
0.0518723726272583
0.00934600830078125
0.0663909986615181
0.07266616821289062
0.09625244140625
0.069793701171875
0.066436767578125
0.1319732666015625
0.011505126953125
0.122711181640625
0.0752105712890625
0.0784759521484375
0.0172271728515625
1.2296830220748234E-12
4.078959392472825E-13
1.1868284133242923E-12
9.658940314238862E-14
4.014566457044566E-13
2.1800339311539574E-12
2.2093438190040615E-12
3.0611069234964816E-12
3.581579477440771E-13
1.5354384430565915E-12
0.1485595703125
0.14727783203125
0.06341552734375
0.04364013671875
0.46563720703125
0.163482666015625
0.0462646484375
0.071746826171875
0.02127087116241455
0.02301025390625
0.67254638671875
0.27117919921875
0.278564453125
0.4818115234375
0.0291748046875
0.6553955078125
0.03448486328125
0.26446533203125
0.169677734375
0.67315673828125
0.0284423828125
0.587158203125
1.0845947265625
0.3662109375
1.099609375
1.060791015625
0.1572265625
0.09228515625
0.032958984375
1.710205078125
0.633056640625
0.048828125
2.812255859375
1.62255859375
0.383056640625
1.63525390625
0.07056427001953125
0.6848220825195312
3.749755859375
0.0458984375
1.59619140625
2.466796875
4.25
4.34130859375
2.37158203125
0.39892578125
3.673828125
0.36669921875
1.623046875
6.123046875
0.1923828125
4.8232421875
9.04296875
1.2677001953125
2.7001953125
2.765625
4.228515625
0.83203125
0.9375
4.41796875
22.98046875
0.416015625
11.62896728515625
13.1416015625
6.1171875
9.23828125
11.470703125
3.490234375
14.041015625
1.5498046875
35.22265625
12.125
19.7579345703125
46.906494140625
17.7421875
11.66796875
17.281494140625
2.78515625
41.31640625
6.41015625
12.9921875
41.4453125
37.7578125
4.859375
39.4140625
93.34375
2.0625
1.5234375
24.0390625
103.802734375
4.3203125
163.546875
3.515625
214.6875
4.5390625
41.625
128.4375
31.78125
140.21875
21.828125
3.801403636316536E-13
2.0174972803488345E-12
2.2732926652224705E-12
2.7986502004750946E-12
7.052136652418994E-13
2.140065902267452E-12
2.983835400982577E-12
1.2381207170619746E-12
4.737543690680468E-12
2.0388135624216375E-12
205.984375
9.8125
360.0
7.625
16.15625
225.9375
230.875
23.3125
25.3125
5.34375
148.8125
176.625
49.9375
268.1875
397.75
268.375
21.625
352.53125
15.53125
235.125
7.434053372890061E-12
6.2092553321235755E-12
2.177813485104707E-12
8.597567102697212E-12
9.562128866491548E-12
1.924682635490178E-12
5.093703236980218E-12
5.60174129304869E-12
4.148681398419311E-12
1.475708444331758E-11
1.7852386235972776E-12
6.146194664324875E-13
2.230926554602785E-11
1.7909229654833325E-11
2.6343371928305714E-12
2.3003821070233244E-12
6.0040861171728466E-12
1.7832846310739114E-11
5.490718990586174E-12
1.9875656676049428E-11
1.354649725726631E-11
3.2649438708176604E-11
1.524114168205415E-11
9.997336292144611E-12
1.1905143537660479E-11
2.0367707520563272E-11
3.345590471326432E-11
3.9115377603593515E-12
1.971756091734278E-11
3.752731458916969E-11
7.565859050373547E-11
2.5337953957205173E-11
7.368328169832245E-12
6.770051186322235E-11
6.559019993801485E-11
1.2590817277669802E-11
7.059952622512438E-11
3.084466015934595E-11
1.1191048088221578E-11
2.3511859126301715E-11
8.354561487067258E-11
5.994138518872205E-11
2.9530156098189764E-10
6.090772330935579E-11
3.7346126191554174E-11
1.170548102891189E-10
9.745804163685534E-11
1.6171952665900087E-11
1.3130829756846651E-11
7.359801657003118E-11
