1.1368683772161603E-13
7.099876242477876E-14
3.432809592140984E-13
1.457167719820518E-14
3.574918139293004E-14
1.2187473252822656E-13
2.0494717034580395E-13
7.854827899222983E-14
2.1957435869524033E-13
1.829647544582258E-13
6.497202775790356E-11
2.9621105568367057E-10
1.5589307622576598E-10
2.788453912216937E-10
1.736566446197685E-11
2.1600499167107046E-11
1.8732748685579281E-10
2.595470505184494E-10
1.3739054338657297E-10
1.907949354063021E-10
5.19037257618038E-10
4.0336090023629367E-10
2.959268385893665E-10
3.7908876038272865E-10
2.779643182293512E-11
5.88897819397971E-11
7.714788807788872E-10
1.1974066183029208E-9
5.673541636497248E-10
1.325588527834043E-10
5.4228621593210846E-11
6.355094228638336E-11
1.8678747437661514E-10
5.247784429229796E-10
5.886704457227396E-10
7.52720552554833E-10
6.039044819776479E-10
8.368488124690274E-10
6.18797457718756E-10
1.7610091163163026E-10
1.937905835802667E-9
1.1352767614880643E-9
1.2664713722188026E-10
1.0379608283983544E-9
3.1761828722665086E-9
2.53749021794647E-10
1.5002115105744517E-9
2.0295374270062894E-9
1.0363692126702517E-9
2.213482730439917E-9
2.068190951831639E-9
4.741650627693161E-9
1.0859366739168763E-9
4.300090949982405E-9
1.1259544407948852E-9
3.4710865293180747E-9
1.23463905765675E-9
2.1418600226756695E-9
1.9185790733899954E-9
1.2742020771838725E-9
6.694790499750525E-9
4.960384103469551E-9
1.1790689313784242E-8
1.5697878552600741E-9
2.5738700060184457E-10
1.2914824765446632E-9
4.81122697237879E-9
1.3233147910796106E-9
4.428329702932388E-9
1.2139935279265046E-8
6.097252480794131E-9
7.130438461899757E-10
2.3010215954855084E-9
1.0026269592344761E-8
1.8326318240778714E-8
4.256435204297304E-10
1.3533281162381702E-9
1.163789420388639E-8
9.213181328959763E-9
8.829374564811587E-9
9.64064383880998E-10
3.052991814911387E-8
5.734909791499376E-8
1.6847479855641723E-8
3.406967152841389E-8
1.675653038546443E-8
1.7695128917694092E-8
9.495124686526311E-10
2.673914423212409E-9
3.608874976634979E-8
1.3271346688270569E-8
8.94215190783143E-9
6.908521754667163E-8
1.679291017527007E-8
3.537570592015982E-8
7.210473995655775E-9
7.2686816565692425E-9
1.7898855730891228E-9
3.164313966581844E-8
1.6661942936480045E-9
3.6088749766349792E-9
4.252069630075739E-8
1.540029188618064E-7
1.5807745512577622E-7
9.726500138987348E-8
2.6825000531971455E-7
7.016933523205232E-8
7.012567948549986E-8
1.3838871382176876E-8
1.8175342120257303E-8
1.2522605175036006E-10
2.7766677845875165E-13
2.69562150378988E-13
2.1023538465669844E-10
1.354010237264447E-10
1.3849899005435873E-10
4.04156708100345E-11
1.56035184772918E-10
2.1080381884530652E-10
1.6078161024779557E-10
6.935442797839642E-8
2.038141246886281E-7
7.8580342233181E-9
7.188646122813225E-9
1.6298145055770874E-7
3.183959051966667E-8
1.973239704966545E-8
2.0762672647833824E-7
2.4563632905483246E-8
1.476728357374668E-7
3.507593646645546E-7
6.09841663390398E-7
1.4668330550627467E-8
1.4842953532934189E-8
1.5675323106201233E-7
1.8451828509569168E-8
2.9552029445767403E-7
3.391760401427746E-7
1.5541445463895798E-8
1.0580988601405217E-6
8.282950147986412E-7
2.6309862732887268E-8
1.7546117305755615E-6
9.833602234721184E-7
1.4586839827152726E-6
2.728775143623352E-7
1.2204982340335846E-6
5.599576979875565E-7
3.1455419957637787E-7
6.010523070365537E-7
1.8649734556674957E-7
1.6391277490868106E-7
1.9725412130355835E-6
2.2142194211483002E-7
3.0174851417541504E-7
1.1199154048568971E-7
5.72064891458425E-7
1.134118065237999E-6
1.0004732757806778E-6
2.6081688737633613E-6
3.943685442209244E-6
2.2863969206809998E-7
1.2088567018508911E-6
3.184191882610321E-6
2.407003197646418E-6
1.3783574104309082E-7
3.1404197216033936E-6
4.186294972896576E-6
2.5010667741298676E-6
2.3068860173225403E-6
4.101544647028277E-6
1.7499551177024841E-6
9.733252255728075E-6
4.975125222017596E-6
7.79610127210617E-6
8.230097620298693E-6
3.030523657798767E-6
1.1185184121131897E-6
6.644055247306824E-6
4.1350722312927246E-7
1.325458288192749E-5
1.6335397958755493E-6
9.501353133600787E-6
1.9453465938568115E-5
1.085922122001648E-5
8.562579807858128E-6
2.045556902885437E-5
9.076669812202454E-6
1.778826117515564E-5
6.023794412612915E-6
1.8849969819711987E-5
4.091486380275455E-5
5.8513134717941284E-5
2.0064413547737914E-5
1.6421079635620117E-5
2.998858690261841E-6
2.199038908656803E-5
2.7492642402648926E-5
9.164214134216309E-7
2.675130986062868E-5
3.156811180815566E-5
3.1813979148864746E-6
7.080286741256714E-5
2.031773328781128E-5
3.4399330615997314E-5
1.691281795501709E-5
2.0489096641540527E-6
3.213435411453247E-5
3.9480626583099365E-5
1.4215707778930664E-5
7.267296314239502E-5
6.367266178131104E-5
1.4275312423706055E-4
1.1821091902675107E-4
2.422928810119629E-5
3.796815872547654E-5
8.359551793546416E-5
1.1399388341715166E-5
7.581710997328628E-5
2.348423731746152E-5
4.9649173661237E-13
1.5620837956475953E-12
9.735545702937998E-13
1.7907897387203775E-13
2.1793677973391823E-13
5.248024237403115E-13
1.872946242542639E-13
7.43960448801318E-13
7.55062679047569E-13
5.672129432809925E-13
7.82012939453125E-5
6.80387020111084E-5
1.9371509552001953E-5
1.7404556274414062E-5
3.17990779876709E-5
1.481175428352799E-5
3.096461296081543E-4
1.6957521438598633E-5
5.8442383306100965E-5
2.3424654500558972E-5
2.1374225616455078E-4
3.6793947219848633E-4
3.2079219818115234E-4
2.54213809967041E-4
5.486607842613012E-4
2.926588063019153E-4
1.2379884719848633E-4
2.747178077697754E-4
1.6874074935913086E-4
2.897977828979492E-4
3.1590463549946435E-5
7.386212237179279E-4
0.0010678768157958984
0.0014600753784179688
2.2530555725097656E-5
8.969306945800781E-4
3.743171691894531E-5
3.075602580793202E-5
0.0013707876205444336
6.402730941772461E-4
0.002092840149998665
2.9349327087402344E-4
0.0014424324035644531
1.621246337890625E-4
7.772445678710938E-5
0.0010223407298326492
3.0875205993652344E-4
1.94549560546875E-4
0.001650333870202303
0.0026144981384277344
0.003021240234375
0.008879661560058594
0.0034193992614746094
0.0025620469823479652
1.1348724365234375E-4
0.0059914737939834595
1.2683868408203125E-4
0.0015573501586914062
1.3446807861328125E-4
3.781318664550781E-4
0.017022132873535156
0.0069484710693359375
1.430516131222248E-4
0.0065174102783203125
5.798341007903218E-4
0.004284858703613281
2.40325927734375E-4
0.0022382736206054688
0.00103759765625
0.005156517028808594
5.040305950387851E-10
0.008270323276519775
0.0013999943621456623
0.01769256591796875
2.8182967071188614E-10
2.8325075618340634E-10
5.059064278611913E-10
1.5364776118076406E-10
1.8593482309370343E-10
3.177547114319234E-10
0.0196762103587389
0.018550872802734375
0.0087432861328125
0.018390655517578125
0.01734161376953125
0.016216278076171875
0.001556396484375
0.002765655517578125
0.00583648681640625
0.001041412353515625
0.00421905517578125
0.06259918212890625
0.002204902470111847
0.001251220703125
0.07967376708984375
0.0404510498046875
0.00537109375
0.06832122802734375
0.017250537872314453
0.0062255859375
0.1412506103515625
0.014923095703125
0.11438369750976562
0.2714843787252903
0.0689544677734375
0.1552276611328125
0.0714263916015625
0.0114288330078125
0.078460693359375
0.038208961486816406
2.064570736592941E-12
8.65085780787922E-13
1.7119639039719914E-13
1.4279688542728763E-12
1.0094147739891923E-12
2.893241202173158E-12
1.2587708653200025E-12
1.326938559031987E-12
1.084687895058778E-12
1.5121237595394632E-13
0.03985607624053955
0.27941906452178955
0.22979736328125
0.03756725788116455
0.171295166015625
0.0517120361328125
0.179962158203125
0.085205078125
0.141998291015625
0.053070068359375
0.075927734375
0.32330322265625
0.924560546875
0.2906494140625
0.0791015625
0.11431884765625
0.077392578125
0.28155517578125
0.097412109375
0.0579838752746582
0.158447265625
0.57861328125
0.77734375
0.1378173828125
0.5570068359375
0.643310546875
0.02197265625
0.6854248046875
0.8741474151611328
1.4991455078125
0.43310546875
0.6552734375
1.001953125
1.1318359375
1.66748046875
1.347412109375
0.06591796875
0.04859161376953125
0.185546875
2.173583984375
1.4697265625
2.08544921875
0.130401611328125
1.1298828125
2.6083984375
0.10546875
4.122100830078125
1.28271484375
0.1181640625
0.888214111328125
6.2548828125
1.5732421875
0.25390625
1.1513671875
7.5009765625
10.7423095703125
5.6884765625
4.826171875
6.47265625
2.169921875
24.546875
14.51171875
20.1572265625
32.349609375
12.392578125
19.01953125
5.427734375
0.91015625
1.87939453125
1.55859375
13.10546875
0.957275390625
53.82421875
2.78515625
33.015625
19.0546875
45.0625
35.03515625
11.857421875
41.0625
58.15625
11.09375
19.1875
40.0390625
77.48046875
37.171875
133.75
9.8125
50.8515625
37.7734375
21.0625
100.46875
136.578125
226.6328125
88.984375
144.9375
131.3125
32.33203125
115.96875
143.09375
4.1033842990145786E-12
4.5297099404706387E-13
4.862776847858188E-13
4.0190073491430667E-13
3.517186542012496E-13
3.4985347951987933E-12
3.865796571744795E-12
4.793498931121576E-12
1.092903545441004E-12
5.861977570020827E-13
65.8125
21.3125
10.03955078125
113.59375
30.15625
281.4375
118.9453125
99.4375
156.9375
14.78125
822.5625
728.375
145.25
311.6875
326.375
12.0
162.75
113.81250000000003
39.0
595.6875
1.63229429972489E-11
6.646239114616063E-12
6.387779194483301E-12
2.184918912462308E-13
4.615863247181551E-12
8.609113422153314E-12
3.802291814736236E-12
9.247713705917704E-12
4.828137889489881E-12
2.9904967391303217E-12
1.496047730142891E-11
8.93152218850446E-12
9.842793247116788E-12
3.204547738278052E-12
9.43067846037593E-12
1.1615597372838238E-11
1.1434408975219412E-11
3.069544618483633E-12
8.93152218850446E-12
1.8482992913959606E-11
2.1231016944511794E-11
2.567901447037002E-11
1.932676241267474E-12
2.0019541580040823E-11
9.876544027065393E-13
1.0274447959091049E-11
1.850608555287181E-11
7.595701845275471E-12
3.0677682616442326E-11
3.916156288141792E-11
7.455014383595137E-11
3.1576519177180507E-11
7.054268280626275E-11
3.960565209126964E-11
7.158007520047249E-11
7.744915819785926E-12
1.751487843648647E-11
5.828582061440102E-11
3.127098580080201E-11
7.600675644425792E-11
2.7704061267286306E-10
6.806999408582173E-12
3.2315483622369356E-11
6.916422989888818E-11
7.13953340891757E-11
9.252687505068027E-11
6.5284666561638E-11
7.838707460905425E-11
4.2021497392852325E-11
2.135891463694861E-11
