1.2001510896197942E-13
1.030009411095989E-13
1.6373014055659496E-13
5.1708637371916666E-14
3.1566416147654763E-13
1.5537571229629066E-13
1.9312329513354598E-13
7.244205235679146E-14
1.6817103265509559E-13
1.6456280782506383E-13
1.9423396224738099E-10
7.034373084024992E-11
4.3087311496492475E-11
1.6001422409317456E-10
2.0222046259735098E-10
2.1884716261411086E-10
2.999911430379143E-10
1.3912426766188056E-10
8.631673154013697E-11
3.041122909053229E-10
3.6993696994616503E-10
5.028368832427081E-10
5.675246939063072E-10
8.47649062052475E-10
5.360334398574196E-10
2.7876012609361426E-10
7.194103091023862E-10
8.419647201662883E-10
3.3435298973927274E-10
4.433786671143025E-11
5.306901584845036E-10
1.0884377843467519E-9
1.0405756256659515E-9
2.37946551351344E-10
1.439275365555659E-10
5.563833838095888E-10
1.106172931031324E-9
2.9422153602375425E-10
1.2653345038437205E-10
2.5443114282150607E-10
6.646132533214143E-10
1.0691110219340771E-9
3.4592630981933458E-9
2.17028173210565E-9
1.2348664313321933E-9
1.0322764865207439E-10
1.6898411558941007E-9
2.3333086573984474E-9
2.6059296942548826E-9
1.5415935195051144E-10
1.293301465921104E-9
2.8958311304450035E-9
2.082288119709119E-9
6.27551344223347E-10
2.1509549696929753E-9
1.064108801074326E-10
1.9867911760229617E-9
3.819423000095412E-9
3.491095412755385E-9
6.744812708361588E-9
4.868525138590538E-9
1.0832081898183338E-9
7.65430741012107E-9
2.219167072325945E-9
6.044501787982881E-9
6.72116584610194E-10
5.546098691411316E-9
3.5042830859310925E-9
2.1382220438681543E-9
1.1114025255665183E-9
8.467395673505962E-9
4.1109160520136356E-10
8.567440090700984E-10
9.173163562081754E-9
9.853465599007905E-9
2.1955202100798488E-9
1.4773831935626551E-8
8.047209121341079E-9
1.6019839677028358E-8
2.078377292491538E-8
2.36177584156394E-8
7.239577826112509E-10
6.275513442233205E-9
1.3649696484208107E-8
5.529727786781098E-9
8.403731044381857E-10
9.928044164553285E-9
1.8597347661852837E-8
1.0106305126100779E-8
5.485708243213594E-8
3.9042788557762474E-8
3.1759554985910654E-8
6.300979293889623E-9
1.8189894035526327E-9
5.486072041094303E-9
5.071342457085848E-9
3.347668098285794E-8
3.491732059047304E-8
8.191273082047701E-8
7.043126971396918E-9
1.1197698768228292E-7
1.8408172763884068E-7
1.3109820429235697E-7
7.02420948073268E-8
2.62079993262887E-8
1.5972182154655457E-7
8.275674190372229E-8
1.1337397154420614E-7
6.26459950581193E-8
7.367634680122137E-8
5.2513549064769904E-14
5.895839372271894E-13
5.156985949383852E-14
4.107825191113079E-14
4.8905324234738146E-14
3.040900864448304E-13
1.6819878823071122E-13
2.7333690866271354E-13
4.11448652926083E-13
9.560685576559536E-13
1.4639226721471776E-8
2.6184716268862207E-7
3.0934461392462254E-7
9.69157554556177E-9
1.6792910173535347E-7
1.0576331987977028E-7
3.2084062696891014E-7
1.448206603527069E-7
1.4479155652225018E-7
8.326605893671513E-8
5.050096660852432E-7
2.4907058104872704E-7
9.372597560286522E-7
1.462758518755436E-7
5.821348167955875E-7
4.773028194904354E-9
2.9453076422214508E-8
1.4709075914220993E-7
3.2980460673570633E-7
2.7182977660467067E-8
3.783497959548854E-8
1.0780058802284387E-6
1.5262048691511154E-7
6.6426582634449E-7
7.023336365818977E-7
1.7250422390535647E-6
1.0058283816949398E-7
2.805609256029129E-8
3.8766302170104017E-8
5.316687747836113E-7
3.921333703971186E-6
1.1976808310665277E-6
7.59027898311615E-8
3.2614916563034058E-6
1.1667143571328364E-6
8.288770914077759E-7
1.5012919920565082E-6
3.6410056054592133E-6
1.193024218082428E-6
1.2184027582406998E-6
6.1793252825737E-7
6.030313670635223E-7
2.605374916728881E-6
1.1548399925231934E-7
3.4035183489322662E-6
3.0384398996829987E-6
5.909241736212767E-7
7.311347872018814E-6
2.7888454496860504E-6
6.530433893203735E-6
8.789822459220886E-6
7.320195436477661E-7
2.2258609533309937E-6
2.4586916058666475E-7
6.382353603839874E-6
4.936009645462036E-7
9.499490261077881E-7
6.401911377906799E-6
8.247792720794678E-6
9.257346391677856E-7
2.493336796760559E-5
1.3634562492370605E-6
1.0788440761189122E-5
1.204758882522583E-5
8.421018719673157E-6
1.9242987036705017E-5
4.872679710388184E-6
4.598870873451233E-6
8.702278137207031E-6
1.5441328287124634E-6
8.568167686462402E-7
2.2832305148767773E-5
5.607679486274719E-5
2.6650726795196533E-5
2.8558075428009033E-5
3.859028220176697E-5
3.5684555768966675E-5
5.252659320831299E-7
2.016499638557434E-5
1.695007085800171E-6
5.856156349182129E-6
1.1369585990905762E-4
6.303191184997559E-6
3.2559039553348157E-6
2.063065767288208E-5
3.8661062717437744E-5
5.0224363803863525E-5
3.486126661300659E-5
7.481873035430908E-5
3.794580698013306E-5
5.0514936447143555E-6
6.455183029174805E-5
2.7000904083251953E-5
2.626478672027588E-4
4.395842552185059E-6
1.2381374835968018E-4
3.826618194580078E-5
2.9355287551879883E-6
7.539987564086914E-5
8.766353130340576E-5
8.804068585277491E-14
1.3873346915715956E-12
5.465627950229646E-13
5.648814749292796E-13
7.978062654956375E-13
1.0694778396214133E-12
5.909717160079708E-13
5.097033906054094E-13
5.613287612504791E-13
1.1786127629420662E-12
1.2254714965820312E-4
6.884336471557617E-5
3.434419631958008E-4
2.4139881134033203E-5
1.6897916793823242E-4
1.9720196723937988E-4
6.330013275146484E-4
0.0017293691635131836
5.676746368408203E-4
5.745887756347656E-5
1.3947487332188757E-5
8.13901424407959E-4
2.7370452880859375E-4
5.310177803039551E-4
1.150369644165039E-5
5.09798526763916E-4
2.378225326538086E-5
3.998875617980957E-4
6.181001663208008E-5
2.085566520690918E-4
2.498626708984375E-4
2.74658203125E-4
5.553960800170898E-4
0.0016086106188595295
0.001343131298199296
5.681514739990234E-4
3.470182418823242E-4
2.3961127226357348E-5
5.3882598876953125E-5
3.6478042784438003E-4
3.705024719238281E-4
3.49999412719626E-4
2.448558807373047E-4
1.8453598022460938E-4
2.689361572265625E-4
1.0538101196289062E-4
0.003125667579297442
0.0023162364959716797
0.001294851303100586
9.570121765136719E-4
0.0052614230662584305
2.684593200683594E-4
0.003043651580810547
0.0023398474149871618
2.13623046875E-4
0.005740642547607422
0.005024440586566925
9.65118408203125E-4
0.0012874603271484375
7.4005126953125E-4
0.015045166015625
0.015868186950683594
6.723701953887939E-4
0.004336360841989517
2.994537353515625E-4
0.0049800872802734375
0.00647735595703125
0.008527755737304688
0.0022525787353515625
0.005097389221191406
0.009538650512695312
0.016992568969726562
0.004482269287109375
0.005252838600426912
0.001312255859375
0.008462905883789062
0.010030746459960938
0.024904489517211914
0.024648666381835938
0.001264575868844986
0.038364410400390625
0.015773773193359375
0.027133941650390625
0.00380706787109375
0.04242420196533203
0.005676746368408203
0.018848896026611328
9.041130542755127E-4
0.022434234619140625
0.05005645751953125
0.033203125
0.03591156750917435
0.0335845947265625
0.09196472261101007
0.009704828262329102
0.0669708289206028
0.001319892704486847
0.0646514892578125
0.11037445068359375
0.03281402587890625
0.0102081298828125
0.01222991943359375
0.10137939453125
0.0047760009765625
0.1374664306640625
0.0728912353515625
0.19097137451171875
0.089019775390625
0.3729104995727539
0.14422607421875
1.0249578963339445E-12
9.694467451026867E-13
4.707345624410664E-14
2.2470914018413168E-13
8.006928453596629E-13
1.532107773982716E-12
1.0795808691455022E-12
6.212808045802376E-13
3.4572344986827375E-13
1.0820233597996776E-12
0.037200927734375
0.272186279296875
0.21775054931640625
0.0391845703125
0.16314697265625
0.207672119140625
0.008087158203125
0.015045180916786194
0.34283447265625
0.15625
0.2646484375
0.0147705078125
0.06134033203125
0.22900390625
0.17279052734375
0.20623779296875
0.4796142578125
0.40740966796875
0.62432861328125
0.33087158203125
0.466552734375
0.0423583984375
0.9674072265625
0.1956787109375
1.5703125
1.727294921875
1.7867431640625
1.9000244140625
0.685791015625
0.2813720703125
2.066650390625
0.379150390625
1.1630859375
0.346435546875
2.1826171875
1.0761728286743164
5.04052734375
0.1298828125
0.042236328125
0.9287109375
1.343292236328125
2.986328125
1.46240234375
1.099609375
3.09326171875
5.07763671875
9.091796875
2.28857421875
0.12255859375
1.1240234375
1.119140625
0.2490234375
15.798828125
4.927734375
0.1767578125
2.4619140625
6.9931640625
9.1376953125
13.08203125
3.419921875
1.51953125
16.55078125
41.755859375
6.76171875
20.505859375
6.7109375
3.0478515625
12.79150390625
6.8515625
0.39453125
38.47265625
33.28125
5.30859375
34.65283203125
34.4453125
73.18359375
5.103515625
1.6679687500000018
0.994140625
34.48828125
6.21875
41.5625
4.01953125
69.6015625
21.1640625
1.984375
1.625
54.3984375
12.046875
69.9609375
61.8125
61.03125
24.015625
139.84375
12.46875
10.984375
16.484375
19.6875
89.84375
15.09375
3.169464690699897E-12
2.95452551313247E-12
2.537969834293108E-12
2.2355450823852152E-12
3.834266237845441E-12
2.532196674565057E-12
2.5024426975051032E-12
4.1531222905177856E-12
2.7329249974172853E-12
3.745892485085278E-12
151.125
127.1875
31.9375
163.09375
31.718750000000014
205.4375
188.53125
86.3125
80.625
273.09375
67.15625
401.0625
431.3125
287.25
562.5625
476.25
401.6875
785.1875
357.25
397.6875
1.1804779376234364E-11
7.790212919189798E-12
4.912514839361393E-12
6.759037773917954E-12
1.5161205624281138E-12
8.268052908988466E-12
5.041300710217911E-12
1.922018100231071E-12
1.2008172234345706E-11
4.267697306659102E-12
1.2134293569943111E-11
2.3081980771166884E-11
1.7887913372760522E-12
5.872635711057228E-12
2.6911806116913795E-11
1.4997780795056315E-11
1.4173551221574598E-11
9.910294807013997E-12
1.0604850331219495E-12
1.6429524407612917E-11
2.3501200985265314E-11
3.382538693585957E-11
2.4670043785590685E-11
1.77280412572145E-11
4.703792910731863E-12
5.652367462971597E-12
3.2223113066720543E-11
4.092370886610297E-11
1.511324398961733E-11
2.942357468782575E-11
4.970246436641901E-11
6.248512818274321E-11
5.661604518536499E-11
3.2152058793144533E-11
6.657074891336379E-11
6.565414878423326E-11
7.247535904753022E-12
4.4998671455687145E-11
2.3021584638627246E-12
9.35784782996052E-11
1.510613856225973E-11
7.239009391923901E-11
8.095923931250582E-11
1.1240786079728094E-11
9.85949100140715E-11
8.01492205937393E-11
1.5404566511278972E-11
1.1141310096720025E-11
5.226752364251297E-11
1.8118839761882555E-11
