1.2823075934420558E-13
1.4349632593280148E-13
2.7544633240950134E-13
6.102618410608329E-13
1.116329251260595E-13
1.2659318038288347E-13
2.467193116473254E-13
7.549516567451064E-15
2.2187807147133753E-13
2.2870594307278225E-14
1.3130829756846651E-10
7.420908332278486E-11
3.700506567838602E-11
1.3739054338657297E-10
1.2951772987435106E-10
1.5856471691222396E-10
2.9956481739645824E-10
1.9025492292712443E-10
3.47313289239537E-11
6.679101716145273E-11
4.0608938434161246E-10
2.756905814751841E-11
6.076561476220377E-11
7.707399163338018E-10
4.3593217924353667E-10
2.746105565165635E-10
6.150457920739427E-11
2.9672264645341784E-11
4.802132025361061E-10
8.770939530222677E-11
8.957385944086127E-10
2.632987161634745E-10
9.885070539894778E-10
8.787992555880919E-11
5.80030246055685E-10
9.035829862114042E-10
1.4438228390645236E-9
8.844835974743845E-10
1.0894609658862464E-9
6.3687366491734E-10
1.0290932550560683E-9
2.1827872842550278E-10
7.455582817800586E-10
1.289436113438569E-9
1.0995790944434702E-9
2.3742359189799232E-9
4.815774445887655E-10
1.0988969734171405E-9
1.0506937542231753E-9
2.8035174182150513E-10
3.96357791034E-9
2.4647306418046355E-9
4.524736141324553E-10
2.4037944967926256E-9
4.270987119532447E-9
5.870788299944252E-10
4.850335244555026E-9
4.32510205428116E-9
4.0372469811734166E-9
2.947672328446087E-9
5.819856596644968E-9
4.802132025361061E-9
2.1918822312738158E-10
2.3646862246096134E-10
2.4392647901549935E-9
4.063622327521443E-9
4.690264177042991E-9
2.9976945370437832E-9
7.91715137893334E-9
4.007233656011522E-9
1.407897798344493E-9
1.899024937301874E-8
2.6811903808265924E-9
2.4199835024774075E-8
5.566107574850321E-10
1.7551428754841074E-8
5.0877133617177606E-9
1.9208528101444244E-9
2.0660081645473838E-8
1.0464646038599312E-8
1.9546860130503774E-8
6.912159733474255E-10
7.8580342233181E-10
1.4082615962253715E-8
1.6261765267699957E-9
1.8335413187742233E-9
4.828325472772291E-8
1.7280399333685637E-9
7.930793799459934E-10
3.183231456205249E-9
3.710738383580492E-8
3.9537553675472736E-8
2.0299921743571758E-8
3.985769581049681E-8
9.415089152861773E-9
3.638706402853131E-8
4.439061740456676E-8
3.7282006815075874E-8
5.1259121391922235E-8
6.506888894450974E-8
6.6356733441352844E-9
1.386797521263361E-8
2.6906491257277414E-8
3.434251993894577E-9
2.1711457520723343E-8
7.820199243724346E-8
3.3760443329811096E-9
4.46016201749444E-8
5.919719114899635E-8
3.974128048866987E-8
5.216937992713611E-13
4.854450175173497E-13
3.2324143361961433E-13
4.096167849354515E-13
1.5337731085196538E-13
5.279665593604932E-13
1.5826229216031606E-13
5.218603327250549E-13
4.363176486776865E-14
6.283862319378389E-14
3.719469532370567E-8
2.2177118808031082E-8
1.8405262380838394E-7
2.2674794308841228E-7
1.306761987854288E-8
2.104497980326414E-7
3.128370735794306E-7
1.2398231774568558E-8
2.780579961836338E-7
1.367880031466484E-8
5.337060429155827E-7
5.231704562902451E-7
1.2246891856193542E-7
2.8539216151424185E-7
2.578599378466606E-7
5.23286871612072E-7
3.764289431273937E-7
6.842892617264784E-7
2.5972258299589157E-7
1.651933416724205E-7
8.73347744345665E-7
1.2002419724961057E-7
1.0847579687833786E-6
3.6670826375484467E-7
5.993060767650604E-7
2.9033981274739773E-7
4.44706529378891E-8
5.667097866535187E-7
1.6996636986732483E-6
2.003507688641548E-6
2.0721927285888286E-7
2.2458843886852264E-6
8.619390428066254E-7
2.6435591280460358E-6
1.3122335076332092E-6
7.175840437967373E-7
4.963949322769889E-7
3.5390257835388184E-7
2.1050218492746353E-6
2.973247319459915E-7
2.667773514986038E-6
2.178829163312912E-6
8.149072527885437E-8
6.36465847492218E-6
5.038455128669739E-7
2.2742897272109985E-6
2.1741725504398346E-6
4.382338374853134E-6
8.10110941529274E-6
2.7595088027965176E-6
1.2777745723724365E-6
5.3867697715898055E-6
5.9623271226882935E-6
3.8063153624534607E-6
4.520639777183533E-6
9.303912521518853E-7
3.3043325089465725E-6
5.15766441822052E-6
9.248033165931702E-7
1.1306256340049003E-6
9.579584002494812E-6
8.981674909591675E-6
1.5534460615640455E-6
1.004338264465332E-5
1.341477047844819E-5
2.175569591589266E-6
1.8905848264694214E-6
4.727393388748169E-6
8.05780291557312E-6
2.738088369369507E-6
1.087784767150879E-6
3.37846577167511E-5
1.035630704748769E-6
1.994892954826355E-5
1.6406178474648314E-5
8.009374141693115E-7
1.7151236534118652E-5
4.2922794818878174E-5
3.882497549057007E-5
4.656612873077393E-6
3.185868263244629E-5
8.349865674972534E-5
2.1129846579981404E-5
2.7492642402648926E-5
7.016956806182861E-5
6.230920644156868E-5
6.733089685440063E-5
3.8079917430877686E-5
4.989653916709358E-5
8.143486411427148E-6
3.3408403396606445E-5
1.0898709297180176E-4
6.534159183502197E-5
7.176399230957031E-5
3.3080577850341797E-6
7.2166327299783E-5
2.60770320892334E-6
1.3364851474761963E-4
1.8240511417388916E-4
7.200241088867188E-5
9.305889392408062E-13
1.1001199951010678E-12
9.978684545330907E-13
4.831690603168681E-13
2.7977620220553945E-13
5.715428130770306E-13
4.85500528668581E-13
1.5765166949677225E-13
1.22335475083446E-12
1.5333290193098037E-12
1.1527538299560547E-4
1.2278556823730469E-5
8.732080459594727E-5
3.8236379737099924E-5
1.424849033355713E-4
8.31484805985383E-6
5.403163959272206E-5
2.4199485778808594E-4
3.733038938662503E-4
1.6051530838012695E-4
3.359318943694234E-4
4.0715932846069336E-4
4.1544437408447266E-5
7.919074269011617E-4
7.396936416625977E-5
2.974271774291992E-4
4.872679710956618E-4
5.322694778442383E-5
7.778406143188477E-5
6.07609748840332E-4
6.729364395141602E-4
0.002064943328150548
0.0010198354721069336
3.504753112792969E-5
0.0018786191940307617
5.660057086060988E-4
0.001501561142532637
1.9311906726215966E-5
6.390810012817383E-4
3.576284507289529E-5
0.0021409988403320312
2.300739288330078E-4
0.002077106386423111
0.0035247802734375
0.0011842250896734186
0.0010805130004882812
9.083747863769531E-5
0.00187611673027277
2.052783966064453E-4
8.04901123046875E-4
0.0012192726135253906
1.2254761531949043E-4
0.002322673797607422
9.44137864280492E-5
0.0016651153564453125
8.111000061035156E-4
0.006191730499267578
0.005090244114398956
0.0022687911987304688
0.002537257969379425
0.012510299682617188
0.0031576156616210938
1.5926454216241837E-4
0.012230873107910156
0.013796806335449219
0.006640434265136719
0.008490562438964844
0.0033731460571289062
0.001445770263671875
0.008158683776855469
0.001888275146484375
9.49859619140625E-4
0.008344650268554688
0.010198622941970825
0.01756107807159424
0.0058040618896484375
0.00928497314453125
0.025333404541015625
0.0013981466763652861
0.005443572998046875
0.01673126220703125
0.019218474626541138
0.006168365478515625
0.0405580997467041
9.6893310546875E-4
0.002613067626953125
0.0012664794921875
0.00286102294921875
0.009548189118504524
0.032901763916015625
0.03289031982421875
0.0094451904296875
0.04036712646484375
0.0649261474609375
0.05948638916015625
0.0013275146484375
0.1140289306640625
0.00994110107421875
0.01688385009765625
0.05280303955078125
0.1486053466796875
0.10342410206794739
0.0155029296875
0.0767364501953125
0.0866241455078125
0.0083160400390625
0.0791168250143528
0.1207122802734375
0.015655517578125
0.034820556640625
2.6778579353958776E-13
1.2398970739013748E-12
7.891465259035613E-13
5.81312775693732E-13
1.1428635815491361E-12
1.7119639039719914E-13
3.5571545708990016E-13
1.0902390101819037E-13
2.8888003100746573E-13
1.5265566588595902E-12
0.031219482421875
0.16229248046875
0.117889404296875
0.16201794147491455
0.16668701171875
0.38153076171875
0.137359619140625
0.08001708984375
0.0413818359375
0.13323974609375
0.33734130859375
0.1735992431640625
0.75030517578125
0.3471684455871582
0.020050048828125
0.2948613166809082
1.20025634765625
0.040771484375
0.04754638671875
0.17156982421875
0.5791015625
0.6630859375
0.32373046875
0.0357666015625
0.09460449218750006
0.534423828125
0.4024658203125
0.12158203125
0.0543212890625
0.02197265625
1.3251953125
0.05126953125
1.23974609375
1.59716796875
0.455322265625
1.2626953125
1.477294921875
2.52490234375
0.6162109375
0.54150390625
5.331058502197266
0.75830078125
1.2099609375
0.1455078125
2.88232421875
0.43603515625
5.599609375
0.1376953125
2.5849609375
5.3818359375
6.2784423828125
4.529296875
9.2880859375
11.175796508789062
3.0009765625
13.0537109375
5.2530517578125
5.5439453125
6.4541015625
14.5615234375
0.5
8.4912109375
1.4990234375
11.00830078125
18.326171875
2.1640625
7.109375
0.4560546875
13.951171875
3.55859375
14.71484375
22.2890625
4.76171875
44.02734375
40.11328125
1.203125
31.65625
7.078125
10.953125
32.734375
65.3828125
6.6640625
2.609375
37.8984375
3.1953125
79.1796875
7.8359375
6.1572265625
42.0
57.9921875
3.6516212276188363E-10
9.84375
187.453125
143.34375
119.984375
37.125
23.5625
119.015625
3.453125
2.802380549837835E-10
1.937117133365973E-12
2.470468274395899E-12
4.232614259080947E-12
4.383160501220118E-12
4.561240274369993E-12
9.14868181212114E-12
2.6934010577406298E-12
3.4416913763380176E-13
2.708500090875535E-12
1.1177725411926076E-12
264.09375
174.5625
56.0
8.375
3.56298828125
214.21875
57.3125
15.03125
83.125
199.75
302.375
14.0
208.4375
645.40625
13.75
175.125
529.75
527.25
49.5
476.625
3.824496275228739E-12
3.0730973321624333E-13
1.0734524380495714E-11
8.571809928525934E-12
1.530420234985291E-11
2.1662671656486054E-12
1.3509193763638905E-12
6.120437490153563E-12
9.821476965043985E-12
5.0750514901665156E-12
1.1125322885163769E-11
5.398348434937361E-12
1.677236127761717E-11
1.3375967000683918E-12
1.2214229627716122E-11
2.2080115513745113E-12
2.2243540342969936E-11
1.673328142715036E-11
1.0880185641326534E-11
1.652189496326173E-11
3.915090474038152E-12
1.9202417433916708E-11
5.227462906987057E-11
4.431655042935745E-11
1.731237375679484E-11
1.8189894035458565E-11
2.6595614599500757E-11
1.2871481658294218E-11
7.123190925995004E-12
6.409095476556105E-12
2.1316282072803006E-11
3.7914560380158946E-11
9.443112958251731E-12
3.0105695714155445E-11
8.289902098113089E-11
3.8980374483799096E-11
3.2791547255328624E-11
7.027267656667391E-11
2.361844053666573E-11
3.219469135729014E-11
1.5208456716209195E-10
7.274536528711906E-11
9.181633231492345E-11
1.4864554032101296E-10
2.4013502297748346E-10
3.745981302927248E-11
2.071658400382148E-10
3.90230070479447E-11
2.84984480458661E-10
2.4652990759932436E-10
1.2823075934420558E-13
1.4349632593280148E-13
2.7544633240950134E-13
6.102618410608329E-13
1.116329251260595E-13
1.2659318038288347E-13
2.467193116473254E-13
7.549516567451064E-15
2.2187807147133753E-13
2.2870594307278225E-14
1.3130829756846651E-10
7.420908332278486E-11
3.700506567838602E-11
1.3739054338657297E-10
1.2951772987435106E-10
1.5856471691222396E-10
2.9956481739645824E-10
1.9025492292712443E-10
3.47313289239537E-11
6.679101716145273E-11
4.0608938434161246E-10
2.756905814751841E-11
6.076561476220377E-11
7.707399163338018E-10
4.3593217924353667E-10
2.746105565165635E-10
6.150457920739427E-11
2.9672264645341784E-11
4.802132025361061E-10
8.770939530222677E-11
8.957385944086127E-10
2.632987161634745E-10
9.885070539894778E-10
8.787992555880919E-11
5.80030246055685E-10
9.035829862114042E-10
1.4438228390645236E-9
8.844835974743845E-10
1.0894609658862464E-9
6.3687366491734E-10
1.0290932550560683E-9
2.1827872842550278E-10
7.455582817800586E-10
1.289436113438569E-9
1.0995790944434702E-9
2.3742359189799232E-9
4.815774445887655E-10
1.0988969734171405E-9
1.0506937542231753E-9
2.8035174182150513E-10
3.96357791034E-9
2.4647306418046355E-9
4.524736141324553E-10
2.4037944967926256E-9
4.270987119532447E-9
5.870788299944252E-10
4.850335244555026E-9
4.32510205428116E-9
4.0372469811734166E-9
2.947672328446087E-9
5.819856596644968E-9
4.802132025361061E-9
2.1918822312738158E-10
2.3646862246096134E-10
2.4392647901549935E-9
4.063622327521443E-9
4.690264177042991E-9
2.9976945370437832E-9
7.91715137893334E-9
4.007233656011522E-9
1.407897798344493E-9
1.899024937301874E-8
2.6811903808265924E-9
2.4199835024774075E-8
5.566107574850321E-10
1.7551428754841074E-8
5.0877133617177606E-9
1.9208528101444244E-9
2.0660081645473838E-8
1.0464646038599312E-8
1.9546860130503774E-8
6.912159733474255E-10
7.8580342233181E-10
1.4082615962253715E-8
1.6261765267699957E-9
1.8335413187742233E-9
4.828325472772291E-8
1.7280399333685637E-9
7.930793799459934E-10
3.183231456205249E-9
3.710738383580492E-8
3.9537553675472736E-8
2.0299921743571758E-8
3.985769581049681E-8
9.415089152861773E-9
3.638706402853131E-8
4.439061740456676E-8
3.7282006815075874E-8
5.1259121391922235E-8
6.506888894450974E-8
6.6356733441352844E-9
1.386797521263361E-8
2.6906491257277414E-8
3.434251993894577E-9
2.1711457520723343E-8
7.820199243724346E-8
3.3760443329811096E-9
4.46016201749444E-8
5.919719114899635E-8
3.974128048866987E-8
5.216937992713611E-13
4.854450175173497E-13
3.2324143361961433E-13
4.096167849354515E-13
1.5337731085196538E-13
5.279665593604932E-13
1.5826229216031606E-13
5.218603327250549E-13
4.363176486776865E-14
6.283862319378389E-14
3.719469532370567E-8
2.2177118808031082E-8
1.8405262380838394E-7
2.2674794308841228E-7
1.306761987854288E-8
2.104497980326414E-7
3.128370735794306E-7
1.2398231774568558E-8
2.780579961836338E-7
1.367880031466484E-8
5.337060429155827E-7
5.231704562902451E-7
1.2246891856193542E-7
2.8539216151424185E-7
2.578599378466606E-7
5.23286871612072E-7
3.764289431273937E-7
6.842892617264784E-7
2.5972258299589157E-7
1.651933416724205E-7
8.73347744345665E-7
1.2002419724961057E-7
1.0847579687833786E-6
3.6670826375484467E-7
5.993060767650604E-7
2.9033981274739773E-7
4.44706529378891E-8
5.667097866535187E-7
1.6996636986732483E-6
2.003507688641548E-6
2.0721927285888286E-7
2.2458843886852264E-6
8.619390428066254E-7
2.6435591280460358E-6
1.3122335076332092E-6
7.175840437967373E-7
4.963949322769889E-7
3.5390257835388184E-7
2.1050218492746353E-6
2.973247319459915E-7
2.667773514986038E-6
2.178829163312912E-6
8.149072527885437E-8
6.36465847492218E-6
5.038455128669739E-7
2.2742897272109985E-6
2.1741725504398346E-6
4.382338374853134E-6
8.10110941529274E-6
2.7595088027965176E-6
1.2777745723724365E-6
5.3867697715898055E-6
5.9623271226882935E-6
3.8063153624534607E-6
4.520639777183533E-6
9.303912521518853E-7
3.3043325089465725E-6
5.15766441822052E-6
9.248033165931702E-7
1.1306256340049003E-6
9.579584002494812E-6
8.981674909591675E-6
1.5534460615640455E-6
1.004338264465332E-5
1.341477047844819E-5
2.175569591589266E-6
1.8905848264694214E-6
4.727393388748169E-6
8.05780291557312E-6
2.738088369369507E-6
1.087784767150879E-6
3.37846577167511E-5
1.035630704748769E-6
1.994892954826355E-5
1.6406178474648314E-5
8.009374141693115E-7
1.7151236534118652E-5
4.2922794818878174E-5
3.882497549057007E-5
4.656612873077393E-6
3.185868263244629E-5
8.349865674972534E-5
2.1129846579981404E-5
2.7492642402648926E-5
7.016956806182861E-5
6.230920644156868E-5
6.733089685440063E-5
3.8079917430877686E-5
4.989653916709358E-5
8.143486411427148E-6
3.3408403396606445E-5
1.0898709297180176E-4
6.534159183502197E-5
7.176399230957031E-5
3.3080577850341797E-6
7.2166327299783E-5
2.60770320892334E-6
1.3364851474761963E-4
1.8240511417388916E-4
7.200241088867188E-5
9.305889392408062E-13
1.1001199951010678E-12
9.978684545330907E-13
4.831690603168681E-13
2.7977620220553945E-13
5.715428130770306E-13
4.85500528668581E-13
1.5765166949677225E-13
1.22335475083446E-12
1.5333290193098037E-12
1.1527538299560547E-4
1.2278556823730469E-5
8.732080459594727E-5
3.8236379737099924E-5
1.424849033355713E-4
8.31484805985383E-6
5.403163959272206E-5
2.4199485778808594E-4
3.733038938662503E-4
1.6051530838012695E-4
3.359318943694234E-4
4.0715932846069336E-4
4.1544437408447266E-5
7.919074269011617E-4
7.396936416625977E-5
2.974271774291992E-4
4.872679710956618E-4
5.322694778442383E-5
7.778406143188477E-5
6.07609748840332E-4
6.729364395141602E-4
0.002064943328150548
0.0010198354721069336
3.504753112792969E-5
0.0018786191940307617
5.660057086060988E-4
0.001501561142532637
1.9311906726215966E-5
6.390810012817383E-4
3.576284507289529E-5
0.0021409988403320312
2.300739288330078E-4
0.002077106386423111
0.0035247802734375
0.0011842250896734186
0.0010805130004882812
9.083747863769531E-5
0.00187611673027277
2.052783966064453E-4
8.04901123046875E-4
0.0012192726135253906
1.2254761531949043E-4
0.002322673797607422
9.44137864280492E-5
0.0016651153564453125
8.111000061035156E-4
0.006191730499267578
0.005090244114398956
0.0022687911987304688
0.002537257969379425
0.012510299682617188
0.0031576156616210938
1.5926454216241837E-4
0.012230873107910156
0.013796806335449219
0.006640434265136719
0.008490562438964844
0.0033731460571289062
0.001445770263671875
0.008158683776855469
0.001888275146484375
9.49859619140625E-4
0.008344650268554688
0.010198622941970825
0.01756107807159424
0.0058040618896484375
0.00928497314453125
0.025333404541015625
0.0013981466763652861
0.005443572998046875
0.01673126220703125
0.019218474626541138
0.006168365478515625
0.0405580997467041
9.6893310546875E-4
0.002613067626953125
0.0012664794921875
0.00286102294921875
0.009548189118504524
0.032901763916015625
0.03289031982421875
0.0094451904296875
0.04036712646484375
0.0649261474609375
0.05948638916015625
0.0013275146484375
0.1140289306640625
0.00994110107421875
0.01688385009765625
0.05280303955078125
0.1486053466796875
0.10342410206794739
0.0155029296875
0.0767364501953125
0.0866241455078125
0.0083160400390625
0.0791168250143528
0.1207122802734375
0.015655517578125
0.034820556640625
2.6778579353958776E-13
1.2398970739013748E-12
7.891465259035613E-13
5.81312775693732E-13
1.1428635815491361E-12
1.7119639039719914E-13
3.5571545708990016E-13
1.0902390101819037E-13
2.8888003100746573E-13
1.5265566588595902E-12
0.031219482421875
0.16229248046875
0.117889404296875
0.16201794147491455
0.16668701171875
0.38153076171875
0.137359619140625
0.08001708984375
0.0413818359375
0.13323974609375
0.33734130859375
0.1735992431640625
0.75030517578125
0.3471684455871582
0.020050048828125
0.2948613166809082
1.20025634765625
0.040771484375
0.04754638671875
0.17156982421875
0.5791015625
0.6630859375
0.32373046875
0.0357666015625
0.09460449218750006
0.534423828125
0.4024658203125
0.12158203125
0.0543212890625
0.02197265625
1.3251953125
0.05126953125
1.23974609375
1.59716796875
0.455322265625
1.2626953125
1.477294921875
2.52490234375
0.6162109375
0.54150390625
5.331058502197266
0.75830078125
1.2099609375
0.1455078125
2.88232421875
0.43603515625
5.599609375
0.1376953125
2.5849609375
5.3818359375
6.2784423828125
4.529296875
9.2880859375
11.175796508789062
3.0009765625
13.0537109375
5.2530517578125
5.5439453125
6.4541015625
14.5615234375
0.5
8.4912109375
1.4990234375
11.00830078125
18.326171875
2.1640625
7.109375
0.4560546875
13.951171875
3.55859375
14.71484375
22.2890625
4.76171875
44.02734375
40.11328125
1.203125
31.65625
7.078125
10.953125
32.734375
65.3828125
6.6640625
2.609375
37.8984375
3.1953125
79.1796875
7.8359375
6.1572265625
42.0
57.9921875
3.6516212276188363E-10
9.84375
187.453125
143.34375
119.984375
37.125
23.5625
119.015625
3.453125
2.802380549837835E-10
1.937117133365973E-12
2.470468274395899E-12
4.232614259080947E-12
4.383160501220118E-12
4.561240274369993E-12
9.14868181212114E-12
2.6934010577406298E-12
3.4416913763380176E-13
2.708500090875535E-12
1.1177725411926076E-12
264.09375
174.5625
56.0
8.375
3.56298828125
214.21875
57.3125
15.03125
83.125
199.75
302.375
14.0
208.4375
645.40625
13.75
175.125
529.75
527.25
49.5
476.625
3.824496275228739E-12
3.0730973321624333E-13
1.0734524380495714E-11
8.571809928525934E-12
1.530420234985291E-11
2.1662671656486054E-12
1.3509193763638905E-12
6.120437490153563E-12
9.821476965043985E-12
5.0750514901665156E-12
1.1125322885163769E-11
5.398348434937361E-12
1.677236127761717E-11
1.3375967000683918E-12
1.2214229627716122E-11
2.2080115513745113E-12
2.2243540342969936E-11
1.673328142715036E-11
1.0880185641326534E-11
1.652189496326173E-11
3.915090474038152E-12
1.9202417433916708E-11
5.227462906987057E-11
4.431655042935745E-11
1.731237375679484E-11
1.8189894035458565E-11
2.6595614599500757E-11
1.2871481658294218E-11
7.123190925995004E-12
6.409095476556105E-12
2.1316282072803006E-11
3.7914560380158946E-11
9.443112958251731E-12
3.0105695714155445E-11
8.289902098113089E-11
3.8980374483799096E-11
3.2791547255328624E-11
7.027267656667391E-11
2.361844053666573E-11
3.219469135729014E-11
1.5208456716209195E-10
7.274536528711906E-11
9.181633231492345E-11
1.4864554032101296E-10
2.4013502297748346E-10
3.745981302927248E-11
2.071658400382148E-10
3.90230070479447E-11
2.84984480458661E-10
2.4652990759932436E-10
1.2823075934420558E-13
1.4349632593280148E-13
2.7544633240950134E-13
6.102618410608329E-13
1.116329251260595E-13
1.2659318038288347E-13
2.467193116473254E-13
7.549516567451064E-15
2.2187807147133753E-13
2.2870594307278225E-14
1.3130829756846651E-10
7.420908332278486E-11
3.700506567838602E-11
1.3739054338657297E-10
1.2951772987435106E-10
1.5856471691222396E-10
2.9956481739645824E-10
1.9025492292712443E-10
3.47313289239537E-11
6.679101716145273E-11
4.0608938434161246E-10
2.756905814751841E-11
6.076561476220377E-11
7.707399163338018E-10
4.3593217924353667E-10
2.746105565165635E-10
6.150457920739427E-11
2.9672264645341784E-11
4.802132025361061E-10
8.770939530222677E-11
8.957385944086127E-10
2.632987161634745E-10
9.885070539894778E-10
8.787992555880919E-11
5.80030246055685E-10
9.035829862114042E-10
1.4438228390645236E-9
8.844835974743845E-10
1.0894609658862464E-9
6.3687366491734E-10
1.0290932550560683E-9
2.1827872842550278E-10
7.455582817800586E-10
1.289436113438569E-9
1.0995790944434702E-9
2.3742359189799232E-9
4.815774445887655E-10
1.0988969734171405E-9
1.0506937542231753E-9
2.8035174182150513E-10
3.96357791034E-9
2.4647306418046355E-9
4.524736141324553E-10
2.4037944967926256E-9
4.270987119532447E-9
5.870788299944252E-10
4.850335244555026E-9
4.32510205428116E-9
4.0372469811734166E-9
2.947672328446087E-9
5.819856596644968E-9
4.802132025361061E-9
2.1918822312738158E-10
2.3646862246096134E-10
2.4392647901549935E-9
4.063622327521443E-9
4.690264177042991E-9
2.9976945370437832E-9
7.91715137893334E-9
4.007233656011522E-9
1.407897798344493E-9
1.899024937301874E-8
2.6811903808265924E-9
2.4199835024774075E-8
5.566107574850321E-10
1.7551428754841074E-8
5.0877133617177606E-9
1.9208528101444244E-9
2.0660081645473838E-8
1.0464646038599312E-8
1.9546860130503774E-8
6.912159733474255E-10
7.8580342233181E-10
1.4082615962253715E-8
1.6261765267699957E-9
1.8335413187742233E-9
4.828325472772291E-8
1.7280399333685637E-9
7.930793799459934E-10
3.183231456205249E-9
3.710738383580492E-8
3.9537553675472736E-8
2.0299921743571758E-8
3.985769581049681E-8
9.415089152861773E-9
3.638706402853131E-8
4.439061740456676E-8
3.7282006815075874E-8
5.1259121391922235E-8
6.506888894450974E-8
6.6356733441352844E-9
1.386797521263361E-8
2.6906491257277414E-8
3.434251993894577E-9
2.1711457520723343E-8
7.820199243724346E-8
3.3760443329811096E-9
4.46016201749444E-8
5.919719114899635E-8
3.974128048866987E-8
5.216937992713611E-13
4.854450175173497E-13
3.2324143361961433E-13
4.096167849354515E-13
1.5337731085196538E-13
5.279665593604932E-13
1.5826229216031606E-13
5.218603327250549E-13
4.363176486776865E-14
6.283862319378389E-14
3.719469532370567E-8
2.2177118808031082E-8
1.8405262380838394E-7
2.2674794308841228E-7
1.306761987854288E-8
2.104497980326414E-7
3.128370735794306E-7
1.2398231774568558E-8
2.780579961836338E-7
1.367880031466484E-8
5.337060429155827E-7
5.231704562902451E-7
1.2246891856193542E-7
2.8539216151424185E-7
2.578599378466606E-7
5.23286871612072E-7
3.764289431273937E-7
6.842892617264784E-7
2.5972258299589157E-7
1.651933416724205E-7
8.73347744345665E-7
1.2002419724961057E-7
1.0847579687833786E-6
3.6670826375484467E-7
5.993060767650604E-7
2.9033981274739773E-7
4.44706529378891E-8
5.667097866535187E-7
1.6996636986732483E-6
2.003507688641548E-6
2.0721927285888286E-7
2.2458843886852264E-6
8.619390428066254E-7
2.6435591280460358E-6
1.3122335076332092E-6
7.175840437967373E-7
4.963949322769889E-7
3.5390257835388184E-7
2.1050218492746353E-6
2.973247319459915E-7
2.667773514986038E-6
2.178829163312912E-6
8.149072527885437E-8
6.36465847492218E-6
5.038455128669739E-7
2.2742897272109985E-6
2.1741725504398346E-6
4.382338374853134E-6
8.10110941529274E-6
2.7595088027965176E-6
1.2777745723724365E-6
5.3867697715898055E-6
5.9623271226882935E-6
3.8063153624534607E-6
4.520639777183533E-6
9.303912521518853E-7
3.3043325089465725E-6
5.15766441822052E-6
9.248033165931702E-7
1.1306256340049003E-6
9.579584002494812E-6
8.981674909591675E-6
1.5534460615640455E-6
1.004338264465332E-5
1.341477047844819E-5
2.175569591589266E-6
1.8905848264694214E-6
4.727393388748169E-6
8.05780291557312E-6
2.738088369369507E-6
1.087784767150879E-6
3.37846577167511E-5
1.035630704748769E-6
1.994892954826355E-5
1.6406178474648314E-5
8.009374141693115E-7
1.7151236534118652E-5
4.2922794818878174E-5
3.882497549057007E-5
4.656612873077393E-6
3.185868263244629E-5
8.349865674972534E-5
2.1129846579981404E-5
2.7492642402648926E-5
7.016956806182861E-5
6.230920644156868E-5
6.733089685440063E-5
3.8079917430877686E-5
4.989653916709358E-5
8.143486411427148E-6
3.3408403396606445E-5
1.0898709297180176E-4
6.534159183502197E-5
7.176399230957031E-5
3.3080577850341797E-6
7.2166327299783E-5
2.60770320892334E-6
1.3364851474761963E-4
1.8240511417388916E-4
7.200241088867188E-5
9.305889392408062E-13
1.1001199951010678E-12
9.978684545330907E-13
4.831690603168681E-13
2.7977620220553945E-13
5.715428130770306E-13
4.85500528668581E-13
1.5765166949677225E-13
1.22335475083446E-12
1.5333290193098037E-12
1.1527538299560547E-4
1.2278556823730469E-5
8.732080459594727E-5
3.8236379737099924E-5
1.424849033355713E-4
8.31484805985383E-6
5.403163959272206E-5
2.4199485778808594E-4
3.733038938662503E-4
1.6051530838012695E-4
3.359318943694234E-4
4.0715932846069336E-4
4.1544437408447266E-5
7.919074269011617E-4
7.396936416625977E-5
2.974271774291992E-4
4.872679710956618E-4
5.322694778442383E-5
7.778406143188477E-5
6.07609748840332E-4
6.729364395141602E-4
0.002064943328150548
0.0010198354721069336
3.504753112792969E-5
0.0018786191940307617
5.660057086060988E-4
0.001501561142532637
1.9311906726215966E-5
6.390810012817383E-4
3.576284507289529E-5
0.0021409988403320312
2.300739288330078E-4
0.002077106386423111
0.0035247802734375
0.0011842250896734186
0.0010805130004882812
9.083747863769531E-5
0.00187611673027277
2.052783966064453E-4
8.04901123046875E-4
0.0012192726135253906
1.2254761531949043E-4
0.002322673797607422
9.44137864280492E-5
0.0016651153564453125
8.111000061035156E-4
0.006191730499267578
0.005090244114398956
0.0022687911987304688
0.002537257969379425
0.012510299682617188
0.0031576156616210938
1.5926454216241837E-4
0.012230873107910156
0.013796806335449219
0.006640434265136719
0.008490562438964844
0.0033731460571289062
0.001445770263671875
0.008158683776855469
0.001888275146484375
9.49859619140625E-4
0.008344650268554688
0.010198622941970825
0.01756107807159424
0.0058040618896484375
0.00928497314453125
0.025333404541015625
0.0013981466763652861
0.005443572998046875
0.01673126220703125
0.019218474626541138
0.006168365478515625
0.0405580997467041
9.6893310546875E-4
0.002613067626953125
0.0012664794921875
0.00286102294921875
0.009548189118504524
0.032901763916015625
0.03289031982421875
0.0094451904296875
0.04036712646484375
0.0649261474609375
0.05948638916015625
0.0013275146484375
0.1140289306640625
0.00994110107421875
0.01688385009765625
0.05280303955078125
0.1486053466796875
0.10342410206794739
0.0155029296875
0.0767364501953125
0.0866241455078125
0.0083160400390625
0.0791168250143528
0.1207122802734375
0.015655517578125
0.034820556640625
2.6778579353958776E-13
1.2398970739013748E-12
7.891465259035613E-13
5.81312775693732E-13
1.1428635815491361E-12
1.7119639039719914E-13
3.5571545708990016E-13
1.0902390101819037E-13
2.8888003100746573E-13
1.5265566588595902E-12
0.031219482421875
0.16229248046875
0.117889404296875
0.16201794147491455
0.16668701171875
0.38153076171875
0.137359619140625
0.08001708984375
0.0413818359375
0.13323974609375
0.33734130859375
0.1735992431640625
0.75030517578125
0.3471684455871582
0.020050048828125
0.2948613166809082
1.20025634765625
0.040771484375
0.04754638671875
0.17156982421875
0.5791015625
0.6630859375
0.32373046875
0.0357666015625
0.09460449218750006
0.534423828125
0.4024658203125
0.12158203125
0.0543212890625
0.02197265625
1.3251953125
0.05126953125
1.23974609375
1.59716796875
0.455322265625
1.2626953125
1.477294921875
2.52490234375
0.6162109375
0.54150390625
5.331058502197266
0.75830078125
1.2099609375
0.1455078125
2.88232421875
0.43603515625
5.599609375
0.1376953125
2.5849609375
5.3818359375
6.2784423828125
4.529296875
9.2880859375
11.175796508789062
3.0009765625
13.0537109375
5.2530517578125
5.5439453125
6.4541015625
14.5615234375
0.5
8.4912109375
1.4990234375
11.00830078125
18.326171875
2.1640625
7.109375
0.4560546875
13.951171875
3.55859375
14.71484375
22.2890625
4.76171875
44.02734375
40.11328125
1.203125
31.65625
7.078125
10.953125
32.734375
65.3828125
6.6640625
2.609375
37.8984375
3.1953125
79.1796875
7.8359375
6.1572265625
42.0
57.9921875
3.6516212276188363E-10
9.84375
187.453125
143.34375
119.984375
37.125
23.5625
119.015625
3.453125
2.802380549837835E-10
1.937117133365973E-12
2.470468274395899E-12
4.232614259080947E-12
4.383160501220118E-12
4.561240274369993E-12
9.14868181212114E-12
2.6934010577406298E-12
3.4416913763380176E-13
2.708500090875535E-12
1.1177725411926076E-12
264.09375
174.5625
56.0
8.375
3.56298828125
214.21875
57.3125
15.03125
83.125
199.75
302.375
14.0
208.4375
645.40625
13.75
175.125
529.75
527.25
49.5
476.625
3.824496275228739E-12
3.0730973321624333E-13
1.0734524380495714E-11
8.571809928525934E-12
1.530420234985291E-11
2.1662671656486054E-12
1.3509193763638905E-12
6.120437490153563E-12
9.821476965043985E-12
5.0750514901665156E-12
1.1125322885163769E-11
5.398348434937361E-12
1.677236127761717E-11
1.3375967000683918E-12
1.2214229627716122E-11
2.2080115513745113E-12
2.2243540342969936E-11
1.673328142715036E-11
1.0880185641326534E-11
1.652189496326173E-11
3.915090474038152E-12
1.9202417433916708E-11
5.227462906987057E-11
4.431655042935745E-11
1.731237375679484E-11
1.8189894035458565E-11
2.6595614599500757E-11
1.2871481658294218E-11
7.123190925995004E-12
6.409095476556105E-12
2.1316282072803006E-11
3.7914560380158946E-11
9.443112958251731E-12
3.0105695714155445E-11
8.289902098113089E-11
3.8980374483799096E-11
3.2791547255328624E-11
7.027267656667391E-11
2.361844053666573E-11
3.219469135729014E-11
1.5208456716209195E-10
7.274536528711906E-11
9.181633231492345E-11
1.4864554032101296E-10
2.4013502297748346E-10
3.745981302927248E-11
2.071658400382148E-10
3.90230070479447E-11
2.84984480458661E-10
2.4652990759932436E-10
