1.0713652187632773E-14
1.7746915048633127E-13
3.304023721284466E-13
1.2290168882600485E-13
1.5520917884259688E-13
3.0472846468398984E-13
1.5770718064800349E-13
1.268984917146554E-13
1.9345636204093353E-13
1.3039569424222464E-13
3.043396645807661E-10
2.452225089655258E-10
3.864784048346337E-10
1.390390025335364E-10
3.9383962757710833E-10
1.9679191609611735E-10
1.3574208423960954E-10
1.7578827282707526E-10
1.8050627659249585E-10
1.5529622032778044E-10
5.653078005708416E-10
5.450715434562881E-10
5.083506948722061E-10
8.32301338959951E-10
6.107256922405213E-10
2.6290081223123707E-10
3.873310561176517E-10
8.22524270915892E-11
3.5635139283840545E-10
3.893774191965349E-10
1.086050360754598E-9
6.129994289950595E-10
1.5691057342337444E-9
5.899210009374656E-10
1.1368683772161603E-10
3.83124643121846E-10
5.691163096346233E-10
2.8319391276454553E-10
5.678657544198956E-10
1.482476363889873E-9
1.837179297581315E-9
5.832134775119961E-10
6.898517312947661E-10
1.5775185602251506E-9
1.8849277694243938E-10
2.2646418074145913E-9
1.3453700375992982E-9
9.467839845456183E-10
1.9679191609620205E-9
2.560454959167937E-9
4.076810000710703E-9
4.070898285135627E-9
1.1550582712520424E-9
2.92584445560351E-9
3.3151081879623234E-10
3.4519871405859254E-9
1.241460267920047E-10
7.771177479298785E-9
2.6334419089835137E-9
4.78303263662383E-9
5.8644218370386175E-9
5.365109245758504E-9
2.2100721253082156E-10
6.748450687155128E-10
2.296474121977491E-9
4.703906597569585E-9
8.383722160942852E-9
7.599737728016282E-9
4.5301931095309556E-9
2.1955202100798488E-9
4.929461283609271E-10
9.72795533027166E-9
4.098183126188815E-9
5.931724444963038E-9
3.157765604555607E-9
2.7179339667782187E-8
2.5607732823335408E-8
2.5775079848244786E-9
9.295035852187089E-10
1.741500454954803E-8
3.01151885651052E-8
8.865754352882504E-9
2.0339939510449767E-8
8.112692739831461E-10
3.442619345150888E-8
2.4523615138605237E-8
1.6741978470236063E-8
9.444192983210087E-9
2.8685462893918157E-8
5.275069270282984E-9
1.677108230070635E-8
6.415939424186945E-8
8.370261639356613E-8
6.479967851191759E-8
1.4457327780249829E-8
1.3242242857813835E-7
3.355671651661396E-8
3.779859980579132E-8
1.2514647096395493E-8
6.7739165388047695E-9
1.2415694073189543E-7
2.214801497757435E-8
2.033921191468835E-7
8.878123481520506E-8
1.881562639027834E-8
3.041350282728672E-9
2.9103830456733704E-9
1.1263182386755943E-8
7.373455446213484E-8
7.967173587530851E-8
1.6248113965389166E-13
5.745404152435185E-14
1.422750806057138E-13
3.4205971388701073E-13
1.43607348235264E-13
3.1818991885756986E-13
3.6559644200906405E-13
5.809241976351132E-13
2.5318636076576695E-13
3.385625113594415E-13
1.4103716239333153E-7
1.0398798622190952E-7
6.906338967382908E-8
2.983142624601604E-8
4.71482053399086E-9
2.066371962428093E-8
3.940658644535633E-8
2.3603206500411034E-8
3.6679557524621487E-7
8.632196113467216E-8
3.932509571313858E-7
1.949956641988937E-8
1.8154969438910484E-7
4.986650310526142E-7
3.3387914299964905E-7
5.506444728051868E-8
8.486676961183548E-8
1.0023359209299088E-7
4.400499176160366E-8
1.3096723705530167E-8
8.051283657550812E-7
7.156049834922129E-7
1.7399434009135462E-6
5.1804818219924886E-8
3.002351149916649E-7
1.0186340659856796E-7
5.995389074087143E-7
3.64379957318306E-8
5.604233592748642E-7
6.523914635736539E-7
2.5937333703041077E-6
2.0770821755888846E-6
2.1792948246002197E-7
2.3045577108929405E-6
1.2486707419157028E-6
1.802109181880951E-7
1.2540258484960987E-6
2.960674464702606E-6
5.792826414108276E-7
9.967479854822159E-7
8.153729140758514E-7
1.1082738640699752E-7
2.955552190542221E-6
3.4924596548080444E-7
4.116445779800415E-7
2.779532223967651E-6
3.4831464290618896E-7
8.195638656616211E-7
5.0086528062820435E-6
8.614733815193176E-8
2.551823854446411E-7
4.568137228488922E-6
9.352341294288635E-6
3.824010491371155E-6
7.852911977579424E-6
2.2817403078079224E-7
4.1751191304229E-6
2.0489096641540527E-7
5.646608770781825E-6
2.6170164701966314E-7
8.566305041313171E-6
1.5711411834207212E-5
1.5620142221450806E-5
1.0808929800987244E-5
1.0505318641662598E-5
1.9596889728745737E-5
1.7430633306503296E-5
4.116445784241307E-7
2.8446316719055176E-5
4.2729079723358154E-6
6.556510943056537E-7
1.4346092939376831E-5
1.0617077350616455E-6
1.7195940017700195E-5
2.983957529067993E-6
3.390014171600342E-6
1.1291354894638062E-5
1.978129150259633E-6
2.056360246749378E-6
1.12876296043396E-5
6.64740800857544E-5
3.995746419604984E-5
2.321601095989223E-5
8.362531661987305E-5
9.447336196899414E-6
2.5175511837005615E-5
3.775954246520996E-5
3.260374069213867E-5
7.949769496917725E-6
2.1047890186309814E-5
1.2512505054473877E-4
1.254826784133911E-4
1.548975706100464E-4
3.740191459655762E-5
8.00341513524927E-5
3.0249357507727836E-6
8.882582915248349E-5
1.868605613708496E-5
7.654726505279541E-5
1.9764900298469001E-4
8.223421943398534E-13
1.7863488466218769E-13
1.085465051176016E-12
1.0602629885170247E-12
1.2145839889399213E-13
9.948708523666028E-13
9.997558336749535E-13
5.691003224228552E-13
5.938582958719962E-13
4.791722574282176E-13
1.5729668666608632E-4
3.0049681663513184E-4
2.57343053817749E-4
2.1278858184814453E-5
4.890561103820801E-4
1.6567111026688508E-4
1.547336579506009E-4
4.5299530029296875E-5
1.7172101070173085E-4
1.9577148486860096E-4
6.276965141296387E-4
5.235671997070312E-4
3.3909082412719727E-4
2.5582313537597656E-4
4.601478576660156E-4
5.155813596502412E-5
1.376867298858997E-4
6.415843963623047E-4
2.567172050476074E-4
3.6531692603603005E-4
3.865957260131836E-4
6.684064865112305E-4
5.304813385009766E-4
6.729364395141602E-4
0.0014132261276245117
5.254745483398438E-4
8.697509765625E-4
5.090236663818359E-4
6.785392761230469E-4
7.033348083496094E-4
2.9802322387695312E-5
0.0036656856536865234
7.200241088867188E-5
0.0016384124755859375
0.0010404586791992188
0.0011005401611328125
6.825923919677734E-4
6.761550903320312E-4
1.494884490966797E-4
0.0010259151458740234
0.0024075512774288654
0.004636287689208984
2.3746490478515625E-4
0.0011000633239746094
0.0020542144775390625
0.002918720245361328
1.18255615234375E-4
0.004154205322265625
0.004273414611816406
2.9850099235773087E-4
0.0022439956665039062
1.7642986495047808E-4
0.004191398620605469
0.014760971069335938
0.007607460021972656
0.004139900207519531
2.3269839584827423E-4
0.006061553955078125
0.0043354034423828125
0.0037250518798828125
0.0025997161865234375
0.01689910888671875
0.024524688720703125
0.031398773193359375
0.018772244453430176
0.0061016082763671875
0.0011577606201171875
0.009716033935546875
6.465911865234375E-4
0.015079498291015625
0.03121185302734375
0.019031524658203125
0.01126861572265625
0.00659942626953125
0.01105499267578125
9.002704173326492E-4
0.01849365234375
0.005340576171875
0.028209686279296875
0.0014801025390625
0.04445648193359375
0.005279541015625
0.00745391845703125
0.00116729736328125
0.00213623046875
0.0120391845703125
0.07010650634765625
0.00222015380859375
0.01573944091796875
0.0795598030090332
0.088043212890625
0.0711522102355957
0.07745361328125
0.0520172119140625
0.2372894287109375
0.079315185546875
0.041229248046875
0.06609344482421875
0.096466064453125
0.004241943359375
2.1460611066004276E-12
3.8768988019910466E-13
1.9770851622524788E-12
4.0396574974010946E-12
3.8258285428582894E-13
1.4275247650630263E-12
2.1049828546892976E-12
7.469580509678053E-13
2.1038726316646716E-12
9.62341317745086E-13
0.142791748046875
0.278228759765625
0.1466679573059082
0.0147552490234375
0.21124267578125
0.02862548828125
0.037628173828125
0.007354736328125
0.00714111328125
0.38232421875
0.39105224609375
0.284423828125
0.20361328125
0.09716796875
0.35321807861328125
0.32061767578125
0.7030029296875
0.034423828125
0.01275634765625
0.05755615234375
1.1027851104736328
0.600341796875
0.6453857421875
0.2784423828125
0.2061767578125
0.06421089172363281
1.090087890625
0.014650344848632812
0.27734375
1.200927734375
0.430419921875
0.08521270751953125
0.709228515625
1.748779296875
1.2490234375
0.191162109375
0.198272705078125
1.30279541015625
0.077392578125
1.12841796875
2.2275390625
0.9990234375
0.0908203125
4.267578125
1.1064453125
0.613311767578125
3.03466796875
0.47509765625
0.15771484375
2.62255859375
4.3369140625
6.236328125
10.9599609375
6.6669921875
1.0498046875
0.6953125
1.7919921875
10.5732421875
5.72265625
4.251953125
9.41796875
1.193359375
0.4326171875
16.6083984375
0.97265625
0.49609375
12.9375
2.48052978515625
1.994140625
17.0625
34.19140625
28.921875
38.9375
10.828125
18.4921875
18.7939453125
13.875
0.9501953125
26.9033203125
50.04296875
44.6328125
77.671875
54.244140625
60.5791015625
40.078125
18.0859375
100.6171875
66.0859375
20.6337890625
32.0546875
137.796875
43.78125
121.3515625
205.6640625
3.34375
3.75
61.70703125
40.609375
23.578125
91.8125
2.240430063693566E-12
5.014655357626907E-12
1.497024726404561E-12
2.3594459719333827E-12
6.17284001691587E-13
1.4797052472204086E-12
2.185807090882008E-12
3.177458296477198E-12
5.686562332130052E-12
3.6921576906934206E-12
6.890559234307148E-10
152.8125
27.0
136.1875
47.75
181.8515625
6.423306331292482E-11
1.5593286661896855E-9
5.840092853759415E-10
4.1040948417503387E-10
244.5
52.0
395.25
529.8125
344.625
35.0625
48.5625
169.6875
273.37890625
235.375
4.493294625262959E-12
1.0388134796812665E-11
8.875566948063351E-12
9.266365452731407E-12
1.9131363160340827E-12
1.06439301816863E-11
1.963762485956977E-12
1.1714185177424952E-11
3.9257486150745535E-12
1.5900170069471642E-11
2.5979218776228663E-11
2.4442670110147446E-12
1.6113332890199672E-11
1.5415224652315374E-11
9.07718344933528E-13
7.263523116307624E-12
1.971756091734278E-12
1.0340173162148858E-11
1.6699530647201755E-11
2.028599510595086E-12
1.7973178501051734E-11
5.001155045647465E-11
5.183053986002051E-11
3.072742060794553E-11
3.2880365097298636E-11
2.0023094293719623E-11
3.0023983299543033E-11
2.1998403099132702E-11
3.106492840743158E-11
3.0198066269808394E-12
3.0880187296133954E-11
7.764100473650615E-11
3.340261400808231E-11
5.262990043775062E-11
7.457146011802251E-11
1.0320633236915538E-10
1.049329512170516E-10
2.077626959362533E-11
3.930011871489114E-11
1.2896350654045818E-11
2.625029082992147E-10
3.581135388230905E-11
1.3127987585904935E-10
1.0757617019407917E-11
5.03490582559607E-11
3.575451046344824E-11
2.035847046499841E-10
3.8193093132576905E-10
3.0735236578038894E-10
4.1416114981987367E-10
