2.501610030236634E-13
2.6270652320192767E-13
2.042810365310288E-13
1.5606960168668138E-13
1.7794099527179696E-13
9.381384558082573E-14
8.559819519859957E-14
4.912736883966318E-15
1.3558598688234724E-13
8.62088178621434E-14
1.3133671927789692E-10
1.1399947652537694E-10
1.3432099876808934E-10
3.0809133022557944E-11
1.475086719437968E-10
1.3105250218359288E-10
9.384848453919403E-11
4.050093593832571E-11
1.2155965123383794E-10
1.5060663827172407E-10
2.710294211283326E-10
4.1382008930668235E-11
5.248921297607012E-10
4.7066350816801976E-11
7.285052561201685E-10
7.776179700158536E-11
1.1993961379630491E-11
7.031530913081951E-11
3.6146730053587817E-10
4.246771823090967E-10
4.057483238284476E-10
1.01022123999428E-9
1.0129497240995988E-9
1.6029844118790212E-10
1.439843799744267E-9
5.398987923399545E-10
2.4442670110147446E-10
3.8971847970969975E-10
1.373791747028008E-9
1.0713847586885095E-9
9.958966984413564E-10
2.3983375285752118E-9
1.4013039617583332E-9
1.8073933460982516E-9
9.549694368615746E-10
4.768025974053047E-10
1.9804247131105512E-9
4.135472408961505E-9
1.0240910341963238E-9
5.638867150992817E-11
2.6902853278443217E-9
2.777596819214523E-9
1.014086592476815E-10
2.4792825570330024E-9
4.445155354925351E-9
9.413270163349807E-11
1.2005330063402694E-10
4.1763996705412865E-9
4.337834980105981E-9
8.421920938417315E-10
1.4752004062756896E-9
4.204594006296247E-9
1.3229509931989014E-8
1.5952537069097161E-9
4.747562343254685E-9
6.734808266655639E-9
8.657480066176504E-9
8.473762136418372E-9
7.694325176998973E-9
7.908056431915611E-9
2.14186002269693E-8
3.26381268678233E-8
7.921698852496415E-9
4.0381564758718014E-10
2.8510839911177754E-8
8.891220204532146E-9
1.1528754839673691E-8
1.664193405304104E-8
1.3622411643182448E-8
1.3842509360983968E-9
2.1267624106258154E-8
5.311449058353901E-9
1.660737325437367E-8
1.0259100236134156E-9
1.0550138540565968E-9
2.474553184583783E-8
1.588705345100319E-8
1.306034391747619E-9
6.461050361394882E-9
1.8273567548021674E-8
3.2057869248092175E-8
1.5279510989785194E-9
5.2001269068568945E-8
9.647919797274584E-9
5.355104805773725E-9
3.16067598760128E-8
6.910704542130311E-8
1.775333657860756E-9
1.7047568690031767E-8
9.400537237524986E-9
1.3512908481061459E-7
9.713403414934874E-8
9.212817531079054E-8
1.4668330550193787E-8
6.31262082606554E-8
5.734909791499376E-8
7.016933523118496E-8
4.336470738053322E-9
6.966001819819212E-8
3.0137016444886644E-8
3.241851231905457E-13
4.150013666048835E-13
4.845013279464183E-13
8.078537838684954E-13
7.960299086562372E-13
4.968248035197576E-13
2.4896751327219135E-13
1.5987211554602254E-14
1.5976109324356003E-13
2.9887203822909214E-13
9.022187441587448E-9
6.2573235483061665E-9
7.275957614183426E-9
2.6862835512952987E-7
8.91159288585186E-8
2.025917638093233E-7
3.149034455418587E-8
2.0858715288341045E-7
1.5279510989785194E-8
4.4034095481038094E-8
7.204362191259861E-7
7.182825356721878E-8
5.072215572554661E-7
2.498854883015156E-7
1.1816155165867565E-8
1.1909287422895432E-7
3.4819822758436203E-7
7.33998604118824E-8
6.76838681101799E-7
1.0142684916396479E-6
3.4598633646965027E-7
1.4541437849402428E-6
8.837087079882622E-7
6.431946530938148E-7
1.260777935385704E-7
1.761247403975208E-6
6.234040483832359E-7
5.919719115454747E-7
7.974449545145035E-8
5.889451131224632E-7
5.2852556109428406E-8
3.5832636058330536E-7
1.1988449841737747E-6
1.954147592186928E-6
2.2584572434425354E-7
2.300366759300232E-7
1.0684598237276077E-6
6.984919309616089E-8
3.704335540533066E-7
2.3203901946544647E-6
2.3436732590337295E-6
4.032626748085022E-7
6.4284540712833405E-6
3.762543201446533E-7
6.984919309616089E-7
1.1874362826347351E-7
1.1213123869424635E-6
3.3499673008918762E-6
6.150454282871642E-6
1.4901161193847656E-7
8.540228009223938E-6
8.427537977695465E-6
4.19002026330606E-6
4.50480729341507E-6
1.0240823030471802E-5
1.3513490558780816E-6
7.321126759052277E-6
8.81776213645935E-6
6.191432476043701E-6
6.30505383014679E-7
8.346512913703918E-6
4.6193599700927734E-7
1.827254891395569E-5
7.029622793197632E-6
9.741634130477905E-7
4.153698682785034E-7
1.7726793998917856E-5
1.574307680130005E-5
8.7004154920578E-6
1.3014301657676697E-5
2.853572368621826E-6
5.2675604820251465E-5
3.296881959613529E-5
3.0025839805603027E-6
8.333474397659302E-6
3.064051270484924E-5
3.547593951225281E-5
2.473965287208557E-5
4.671514489018591E-6
2.8077513434254797E-5
1.2367963790893555E-6
1.271069049835205E-5
3.828853368759155E-5
1.3783574104309082E-6
1.5795230865478516E-6
1.0846555233001709E-4
3.7401914596557617E-6
8.955597877502441E-6
7.221847772598267E-5
3.450364056334365E-5
1.3336539268493652E-5
7.271766662597656E-5
6.648898124694824E-5
8.516013622283936E-5
3.840029239654541E-5
6.109476089477539E-6
2.7716163458535454E-5
2.0787120092791156E-5
1.8268823623657227E-5
4.231929779052734E-6
2.0125012767380213E-12
7.448486272210187E-13
9.959810753912283E-13
8.353318037279678E-13
7.943645741192995E-13
9.114931032172535E-14
1.3866685577568205E-13
2.582378755278115E-13
6.500355809180292E-13
5.950795411990839E-13
6.744265556335449E-5
2.040565013885498E-4
2.6601552963256836E-4
4.925727844238281E-4
7.781386375427246E-5
2.6875734329223633E-4
7.0035457611083984E-6
1.8143653869628906E-4
3.28719703249547E-4
4.929006099700928E-4
7.740259243291803E-4
4.3869025830645114E-5
3.218650817871094E-4
4.4465065002441406E-5
5.9485435940587195E-5
2.630949020385742E-4
3.109574317932129E-4
7.742644083919004E-5
5.674363346770406E-4
9.341838303953409E-4
6.083250045776367E-4
8.058547973632812E-5
2.6106836230610497E-5
5.892515182495117E-4
7.994174957275391E-4
0.0016474723815917969
6.158351898193359E-4
3.6513805389404297E-4
7.541179656982422E-4
1.0263943113386631E-4
3.3736228942871094E-4
1.9526493269950151E-4
1.8787384033203125E-4
0.0017304420471191406
0.0022759437561035156
1.6641616821289062E-4
0.0010287761688232422
0.0017113686772063375
8.504390716552734E-4
3.5691261291503906E-4
5.335807800292969E-4
0.004744529724121094
0.002820015884935856
0.008991241455078125
1.9168853759765625E-4
0.002277374267578125
0.002338886260986328
0.0013899877667427063
0.004275321960449219
7.038116455078125E-4
2.4700164794921875E-4
0.00457763671875
0.0012073516845703125
0.0056171417236328125
0.006999969482421875
0.002162933349609375
3.4046173095703125E-4
1.7070781905204058E-4
0.0045996010303497314
0.0051746368408203125
0.020015716552734375
0.014551162719726562
0.01073455810546875
0.022867202758789062
0.00974273681640625
0.013830184936523438
0.0015926361083984375
0.0171051025390625
0.00189971923828125
0.017505645751953125
352.125
159.125
296.8125
136.81298828125
162.09375
234.21875
277.25
26.21875
423.28125
143.65625
0.06455230712890625
0.04720306396484375
0.005645751953125
0.0451507568359375
0.041473388671875
0.040706634521484375
0.00667572021484375
0.09088134765625
0.03667449951171875
0.0406494140625
0.0057525634765625
0.139068603515625
0.0946044921875
0.142608642578125
0.07086181640625
0.072967529296875
0.00787353515625
0.0875396728515625
0.2686767876148224
0.003814697265625
3.546718474467525E-12
1.0256240301487196E-12
1.3709033908071433E-12
1.0773604230962527E-12
1.6195933483231784E-12
3.2662761384472105E-13
1.1235457009206584E-12
2.781552765895868E-12
3.114397628678489E-12
1.5070167336261875E-12
0.035736083984375
0.004760861396789551
0.029449462890625
0.1109619140625
0.01934826374053955
0.021514892578125
0.00982666015625
0.143402099609375
0.15155029296875
0.141571044921875
0.56854248046875
0.08026123046875
0.16998291015625
0.5452919006347656
0.6415405347943306
0.0601806640625
0.011841297149658203
0.008789539337158203
0.30853271484375
0.18865966796875
1.206787109375
1.14892578125
0.6541748046875
0.0985107421875
1.1260986328125
0.1446533203125
1.3709716796875
0.124755859375
0.267822265625
0.100830078125
0.293212890625
2.138671875
2.201904296875
0.683837890625
1.069091796875
0.23681640625
2.69140625
1.081298828125
1.157470703125
1.743896484375
2.8193359375
2.23291015625
2.60498046875
2.259765625
2.85009765625
0.11962890625
3.4873046875
1.23583984375
8.857421875
6.3916015625
0.271484375
5.779296875
8.51171875
3.1484375
8.7275390625
13.294921875
0.470703125
0.2392578125
6.724609375
8.8310546875
13.51953125
36.46875
1.02392578125
5.48828125
9.505859375
9.06640625
8.36328125
8.94342041015625
2.294921875
9.916015625
2.40625
11.73828125
45.4140625
1.14453125
27.21875
1.25
20.421875
6.0166015625
30.58984375
21.109375
89.40625
2.24609375
37.9140625
66.1484375
35.25
68.44921875
0.96875
51.2109375
92.8359375
115.421875
104.578125
8.828125
7.46875
77.921875
66.75
45.1875
14.90625
107.8125
81.84375
129.703125
4.439559830871076E-12
5.276667991438444E-12
3.7259084706420375E-13
2.0605739337042905E-12
4.371170092554168E-12
2.1724844145865063E-12
2.3971935547706396E-12
4.522604513113044E-12
1.894928658430217E-12
7.815970093361102E-14
97.0
147.28125
42.4375
361.09375
8.53125
2.71875
76.484375
3.0703125
26.625
201.25
149.0
415.3125
331.6875
32.625
136.125
299.0625
155.5
326.75
251.0625
52.75
8.126832540256146E-12
1.4157564010020125E-12
4.369837824924616E-13
5.477396314290672E-12
4.289901767151605E-13
9.877432205485093E-12
2.1005419625908737E-12
5.464961816414872E-12
9.64117674584486E-12
1.2993162101793132E-11
1.1263878718636988E-11
6.872724611639569E-12
6.405542762877303E-12
9.690026558928366E-12
1.864997045686323E-11
9.43778388773366E-12
1.0716760812101718E-11
1.6223467014242487E-11
1.5937473563099047E-11
9.43778388773353E-12
1.084643486137793E-11
2.2545521005668082E-11
1.6370904631912734E-11
1.7465140444983263E-11
2.9309887850104133E-12
2.1682211581720284E-11
2.983924218824541E-11
3.682032456708839E-11
2.4851232183209504E-11
1.5056400570756937E-11
5.158540261618327E-12
3.47739614880993E-11
3.61808361049043E-11
1.7763568394002505E-11
3.434763584664324E-11
3.501554601825774E-11
2.934541498689214E-11
4.8025583510025184E-11
4.140332521274104E-11
6.5284666561638E-11
1.8431478565617E-11
3.787476998695638E-10
1.653148729019449E-10
1.5661782981624128E-10
7.646860922250198E-11
8.036238341446733E-11
6.31246166449273E-11
1.2704504115391253E-10
3.97193389289896E-11
1.0187761745328316E-10
