1.8091084186266926E-13
9.062195438502842E-14
7.002731727823175E-14
2.6317836798739336E-13
1.4471757125988916E-13
3.551603455775876E-13
3.266553694203367E-13
2.095545958979983E-14
1.8529622280993863E-13
3.391731340229853E-14
1.8263790479977615E-10
1.9548451746231887E-10
3.279865268268633E-11
3.515765456540976E-11
2.5298163564002607E-10
2.4081714400381315E-10
2.6503244043851737E-10
6.971845323278103E-11
1.4375700629898347E-10
3.906848178303336E-10
3.109276294708252E-4
6.832578947069289E-11
2.594902070995886E-10
2.6125235308427364E-10
4.5065462472848594E-10
3.785771696129814E-11
8.76241301739356E-10
9.885070539894514E-11
2.7647615206660703E-4
2.0992755889892578E-4
6.153868525871076E-10
3.9108272176341793E-11
6.186837708810344E-10
1.5164687283686362E-9
7.830749382264929E-10
2.629576556500979E-10
5.389892976382081E-10
6.0992988437647E-10
6.03904481977226E-10
1.7996626411331818E-10
1.3928911357652396E-9
2.1580035536334095E-9
9.772520570550114E-10
1.580474418006753E-9
1.289436113438569E-9
1.0420535545563391E-9
1.0766143532237038E-9
1.213038558491337E-9
2.2728272597305477E-9
1.1780230124713853E-9
2.3087523004505783E-9
7.1167960413731635E-9
5.661604518536478E-10
2.661181497387588E-9
1.9917933968827128E-10
2.3396751203108844E-9
2.1736923372372985E-9
6.282789399847388E-9
3.888089850079268E-9
2.3601387511010135E-10
1.2495547707658261E-8
3.129571268800646E-9
5.15592546435073E-9
6.017216946929693E-9
5.155015969648957E-9
2.6648194761946797E-10
7.203198038041592E-10
4.4046828406862915E-9
3.0840965337119997E-9
1.0425537766423076E-8
2.4103428586386144E-8
8.787537808530033E-9
8.31460056360811E-9
2.3657776182524186E-8
2.4738255888266E-10
1.0712028597589969E-8
1.7626007321443551E-9
3.0495357350446284E-8
1.926309778355062E-9
9.291397873312235E-9
4.733738023787758E-8
1.0335497790947556E-8
3.569948603399098E-8
2.0023435354232788E-8
1.6600097297193167E-8
2.3195752874018456E-8
1.0586518328645355E-9
2.7976057026535273E-9
1.6745616449043155E-8
1.0841176845150245E-9
3.2225216273218393E-8
3.4924596548080444E-8
2.9685907065868378E-9
4.01778379472556E-8
8.039205567911267E-8
1.3540557119995356E-8
6.269692676488803E-8
2.826709533110261E-8
2.000888343900442E-9
1.9208528101444244E-9
7.776543498039246E-8
4.089088179171085E-9
1.3136013876646757E-7
9.902578312903643E-8
1.0027724783867598E-7
3.739842213690281E-9
4.112371243536472E-8
1.385051291505346E-7
7.162452675402164E-8
6.84813130646944E-8
1.7053025658242404E-13
2.9659608102861057E-13
1.5437651157412802E-13
4.639622019908529E-13
5.706546346573305E-14
7.182032746300138E-13
4.496403249731884E-14
9.509060205914471E-14
5.691558335740865E-13
6.612488334667432E-13
7.0431269706379765E-9
1.7715501599013805E-7
1.3041426427662373E-7
4.454923328012228E-7
1.9080471247434616E-7
4.47325874119997E-8
3.006425686527536E-8
5.2677933126688E-9
2.2066524252295494E-7
2.0174775272781276E-7
1.6938429325819016E-8
5.497713573276997E-7
5.210749804973602E-7
5.026231519877911E-7
2.894666977226734E-7
3.153691068291664E-7
3.293389454483986E-7
2.391752786934376E-7
2.8545036911964417E-7
4.69735823571682E-8
8.868519216775894E-7
1.078820787370205E-6
2.590240910666647E-7
8.04662704689818E-7
1.246691681444645E-6
6.848713383078575E-7
2.293381839990616E-8
4.820758476853371E-7
3.193272277712822E-7
1.4388933777809143E-7
1.0130461305379868E-6
3.105960786342621E-7
2.928776668298383E-6
1.4617107808589935E-6
2.3632310330867767E-7
1.5718396753142128E-6
4.1443854570388794E-8
2.2794120013713837E-7
1.12154521048069E-6
2.1276064234854175E-6
4.9993395805497665E-6
4.386529326438904E-7
1.0989606380462646E-7
2.881977721358453E-6
3.220047801733017E-6
1.3587996363639832E-6
4.045199602842331E-6
3.921333700418472E-6
6.826594471931458E-7
3.1040981429697467E-6
1.1363066732994476E-5
5.7462602853775024E-6
6.232410683537637E-6
3.982335329055786E-6
4.2188912630081177E-7
1.0687857866287231E-5
4.512257874900172E-6
2.8153881430625916E-6
2.7222558856010437E-6
6.588175892829895E-6
1.2764707207679749E-5
1.67284163126169E-5
8.182600140571594E-6
1.2783333666277485E-5
3.6135315895080566E-7
2.5179237127304077E-5
1.2833625191888132E-5
8.130446076393127E-6
9.231269359588623E-6
1.4977529644966125E-5
2.5540590286476927E-5
7.636845111846924E-7
3.8161873819220204E-5
6.664544343948364E-6
7.7858567237854E-6
8.314847946166992E-6
1.806393265724182E-5
2.041831612586975E-5
3.866851329803467E-6
1.0225921869277954E-5
5.7891011238098145E-6
6.1765313148498535E-6
3.653019666671753E-5
1.1043250560760498E-4
1.6108155250549316E-5
8.180737495422363E-6
4.334747791290283E-5
4.971772523276741E-5
8.195638656616211E-5
4.006922245025635E-5
1.6064941883087158E-4
1.4127790927886963E-4
7.288157939910889E-5
6.826221943256883E-5
1.719743013381958E-4
1.4992058277130127E-4
3.203749656677246E-6
6.899237632751465E-5
2.6553869247436523E-5
3.3527612686157227E-6
3.710365348297273E-13
2.170486013142181E-13
3.735900477863652E-13
6.219469383950127E-13
1.996736109788344E-12
7.970291093783999E-13
5.506706202140776E-13
8.537615059367454E-14
1.9373391779708982E-13
1.2846390617937686E-12
4.615485668182373E-4
7.65621663276761E-5
2.885162830352783E-4
2.2283196449279785E-4
2.0763278007507324E-4
2.1785497665405273E-5
3.7670135498046875E-5
4.131495952606201E-4
1.6948580741882324E-4
2.3829936981201172E-4
2.4557113647460938E-5
2.1600723266601562E-4
1.3965368270874023E-4
2.7501583099365234E-4
2.914667134064075E-4
1.0311603546142578E-4
1.248121407115832E-4
3.743171691894531E-5
1.1616951087489724E-4
2.9265880584716797E-4
6.415843963623047E-4
1.4793873015150893E-4
7.891654968261719E-5
2.694129943847656E-4
0.0016808509826660156
9.238719940185547E-5
1.6832351684570312E-4
2.968311309814453E-5
3.480911436781753E-5
0.0011121039278805256
0.0014679431915283203
0.0010325908660888672
0.001024007797241211
0.004053592689160723
3.802776336669922E-4
4.2438507080078125E-5
4.630088806152344E-4
5.5551761761307716E-5
0.0012137927114963531
0.002554178237915039
0.0018320083618164062
0.0013418197631835938
0.0010447502136230469
0.008069515228271484
1.096725754905492E-4
6.051063537597656E-4
0.0035424232482910156
0.004757881164550781
0.0018191412091255188
9.441375732421875E-5
0.004309654235839844
0.009108543395996094
7.43865966796875E-4
0.005756378173828125
0.0041255950927734375
0.004294395446777344
0.0042667388916015625
0.004628182388842106
0.004500389099121094
0.005399718880653381
0.00301361083984375
0.0060367584228515625
0.020689040422439575
0.0014362335205078125
3.7384033203125E-4
0.02334022568538785
5.359649658203125E-4
0.0041828155517578125
0.011745452880859375
0.022478103637695312
0.013557434082031252
0.0163726806640625
0.003017425537109375
0.016937255859375
0.03589630126953125
0.011654376983642578
0.012958526611328125
0.03394341468811035
0.01483154296875
0.049762725830078125
0.0018310546875
0.11197662353515625
0.0944223403930664
0.05309295654296875
0.0104522705078125
0.0059814453125
0.01779937744140625
0.00627899169921875
0.049041748046875
0.002235420048236847
0.117401123046875
0.0963134765625
0.03045654296875
0.068817138671875
0.008148193359375
0.0035858154296875
0.0819854736328125
0.07689666748046875
0.0348052978515625
0.0780029296875
1.2010392680394943E-12
5.235811784132238E-12
2.8412827646207006E-12
1.1683987111155147E-12
1.2154721673596214E-12
9.723333249667123E-13
3.4414693317330602E-12
5.075939668586216E-13
1.8141044222375058E-13
3.4006131244268553E-12
0.129974365234375
0.0439453125
0.05417633056640625
0.273101806640625
0.281982421875
0.10125732421875
0.125213623046875
0.273590087890625
0.078399658203125
0.300567626953125
0.0411376953125
0.269775390625
0.21307373046875
1.06756591796875
0.220947265625
0.76513671875
0.68243408203125
0.04205322265625
0.13720703125
0.5032958984375
1.6470947265625
0.2813720703125
0.0469970703125
1.1177978515625
0.1336669921875
1.05517578125
1.24627685546875
0.711181640625
0.791015625
1.0367450714111328
1.940673828125
3.18115234375
2.11865234375
0.240478515625
1.646728515625
1.5576171875
2.081787109375
1.376953125
0.422393798828125
2.0029296875
0.3916015625
2.84228515625
9.47216796875
2.39501953125
6.46728515625
2.55126953125
0.71142578125
0.60546875
4.880859375
1.83642578125
8.6689453125
6.08203125
6.9873046875
1.1923828125
1.5390625
6.115234375
4.2763671875
3.7802886962890625
4.6435546875
3.5391845703125
3.318359375
18.55078125
9.994140625
18.953125
7.990234375
8.435546875
17.01171875
8.482421875
1.337890625
19.359375
6.21497689280659E-4
0.828369140625
4.734375
1.1640625
5.620124284178019E-4
2.74658203125E-4
4.464387939151493E-5
2.568960189819336E-5
9.179115295410156E-6
6.461739540100098E-4
2.953125
73.578125
78.53125
33.7421875
34.25
101.890625
68.8515625
4.7578125
40.1875
8.21875
6.796875
135.65625
71.453125
135.875
75.84375
29.75
3.5
103.5
37.671875
80.1328125
2.064126647383091E-12
7.811529201262601E-13
3.530509218307998E-13
2.426059353410892E-12
3.744116128245884E-12
2.054356684766393E-12
2.6720847756678268E-12
9.467981954003335E-13
6.088463067044362E-12
5.335287767138652E-12
309.751953125
177.25
10.03125
202.546875
168.53125
112.9375
505.59375
133.90625
35.4375
7.09375
685.8125
594.1875
604.1875
499.0
72.6875
239.75
13.125
21.9375
344.5
852.5
1.3882228699912957E-12
1.0278000672769849E-11
7.537082069575263E-12
5.561773264162184E-12
1.0246026249660645E-11
8.599343459536612E-12
7.140954494389007E-13
2.972733170736319E-12
1.1805667554654065E-11
5.929479129918062E-12
2.4963142664091927E-11
2.787103881018993E-12
2.227551476607914E-12
9.475087381360936E-12
3.682387728076719E-12
1.504396607288072E-11
7.8035355954853E-12
5.341505016076553E-12
6.966871524127886E-12
2.1511681325137033E-12
3.5765168604484695E-11
1.9152679442413914E-11
4.6483705773425754E-11
3.696598582791921E-11
1.1041834113711959E-11
3.311839691377827E-11
7.258194045789837E-12
2.327027459614328E-11
2.099298512803216E-11
1.6630252730465145E-11
1.736566446197685E-11
1.3103829132887768E-10
3.141309434795403E-11
5.0960125008714385E-11
7.858602657506708E-12
4.5133674575481564E-11
4.136069264859543E-11
4.455102953216655E-12
7.347011887759436E-12
2.216182792835753E-11
1.992788156712777E-10
8.469669410260394E-12
4.8274273467541207E-11
9.640643838793039E-11
3.267075499024982E-11
7.73070496506989E-12
9.126210898102727E-11
1.0136602668353589E-10
2.429203505016763E-10
1.9629453618108528E-10
