2.1921353621223716E-13
2.6451063561694355E-14
2.298161660974074E-13
1.7574830479816228E-13
4.213296378452469E-14
2.3275825711266407E-13
9.939271627956714E-14
2.398914400458807E-13
5.803690861228007E-14
1.412203687323199E-13
1.2582290764839854E-10
3.302602635814269E-11
3.637410372903105E-10
1.446665010007564E-10
2.689262146304827E-10
1.386979420203732E-10
2.802948984026443E-10
2.62474486589781E-10
6.67057520331582E-11
3.0539126782969106E-10
9.237055564881302E-11
5.150582182977814E-10
4.1893599700415507E-10
6.51368736725999E-10
3.0973978937254287E-10
6.105551619839389E-10
4.894218363927523E-11
5.410925041360315E-10
3.4151526051573455E-10
2.6136603992199525E-10
3.2514435588382185E-10
1.4381384971784428E-10
1.9454091670922935E-9
5.047695594839752E-11
1.4895249478286132E-9
8.341203283636027E-10
2.559090717113577E-10
1.7359980120090768E-10
4.935145625495501E-10
1.028411134029765E-9
1.1104930308647454E-9
1.9492745195748284E-9
9.663381206337363E-11
3.4387994674034417E-9
2.142996891052462E-9
1.438365870853886E-9
1.7093952919822186E-9
2.14072315429803E-9
2.0904735720250756E-9
2.2027961676941447E-9
3.560671757441014E-10
7.49423634264281E-10
1.1141310096718371E-10
6.048139766789973E-10
3.4015101846307516E-10
4.780304152518511E-9
4.267803888069466E-9
1.666649040998891E-9
5.708443495677784E-9
3.7607605918310583E-10
8.911229087971151E-9
6.9758243625983596E-9
9.733412298373878E-9
1.0185431165155023E-8
8.977622201200575E-9
4.944013198837638E-9
9.468749340157956E-9
2.5256667868234217E-9
3.864442987833172E-9
4.484718374442309E-9
1.2920281733386219E-8
3.1061063054949045E-8
1.36969902092424E-9
1.8060745787813585E-8
1.6614649211987853E-8
1.6341800801455975E-8
5.366018740460277E-10
1.3769749784842134E-9
1.2660166248679161E-8
2.0081643015254676E-8
1.852095010690391E-8
3.852619556710124E-8
4.8243236960843205E-8
2.5393092073500156E-9
1.8382706912234426E-8
3.8664438761770725E-8
3.243621904402971E-8
1.7942511476576328E-8
6.948539521545172E-10
1.9466824596747756E-8
3.6627170629799366E-8
1.775333657860756E-9
7.45058059779119E-9
6.686605047434568E-8
2.3792381398379803E-9
4.3051841206599554E-8
5.464244168251753E-9
2.170418156397652E-8
5.3318217396736145E-8
3.29673639498651E-8
7.526250556111336E-8
3.4924596548080444E-9
7.552444003522396E-9
9.400537237524986E-9
1.2358941603451967E-7
6.632762961089611E-8
1.6081321518868208E-7
9.160430636256933E-8
7.917697075754404E-8
1.8395076040178537E-7
7.222000775186646E-14
4.954925358902074E-13
1.3322676295501878E-14
6.985523270941485E-13
1.1585177261963508E-13
3.0608848788915566E-13
3.330669073875472E-14
5.873079800267078E-14
3.004818616147986E-13
1.0574874309554616E-13
7.552444003522396E-8
7.773633115340517E-8
9.255018085241318E-9
1.938606146723032E-7
1.566077117431952E-7
3.695022314786911E-7
5.109759513288736E-7
1.2628152035176754E-7
2.4796463549137115E-8
4.773028195771689E-9
1.5733530750461355E-7
1.7654383555748554E-7
1.3294629752635956E-7
4.161265678703785E-7
5.407491698861122E-7
8.780043572187424E-7
8.201459422707558E-8
2.450542524456978E-8
2.7834903448820114E-7
5.415640771389008E-7
1.1264346541084436E-6
6.25033862888813E-7
2.5029294192790985E-8
2.6868656277656555E-7
5.998881533741951E-7
7.550697773694992E-7
1.7759157344698906E-6
4.0279701352336286E-8
2.4097971618175507E-8
5.319016054272652E-7
1.1851079767533079E-7
3.6763958632946014E-7
2.368120476603508E-6
1.2598466128110886E-6
5.334150046110153E-7
1.573469489812851E-6
1.0870862752199173E-6
1.0060612121200185E-6
9.569339454174042E-8
3.1830277293920517E-6
1.8859282141514555E-7
2.9783695936203003E-6
2.0251609456067854E-6
4.1816383600234985E-6
2.0014122128486633E-6
3.403984010219574E-7
4.154164344072342E-6
2.435408532654171E-7
3.8137659430503845E-6
2.1350570023059845E-6
4.980713129043579E-6
4.457309856320535E-6
1.225434247942303E-5
4.702247679233551E-6
6.930902600288391E-6
3.1534582376480103E-6
4.974193871021271E-6
4.518777132034302E-6
4.5355409383773804E-7
2.6263296604156494E-7
5.166977643966675E-6
8.787959814071655E-6
1.2014061212539673E-6
4.597008228302002E-6
4.470348358154297E-7
9.175390005555784E-6
9.39890742301941E-6
1.2764707207679749E-5
8.158385753631592E-7
2.15042382478714E-5
2.9858202196919592E-5
3.304332585685188E-5
3.429874777793884E-5
8.642673492431641E-7
3.769993782043457E-6
3.3043324947357178E-6
5.848705768585205E-6
7.599592208862305E-7
1.8633902072906494E-5
2.238154411315918E-5
4.256516695022583E-5
3.7200748920440674E-5
3.235042095184326E-5
4.7966837882995605E-5
3.275275230407715E-5
5.86584210395813E-5
1.341104507446289E-5
8.270889520645142E-5
3.4458935260772705E-5
3.5114586353302E-5
6.586313247680664E-5
7.97957181930542E-5
3.866851329803467E-5
7.241964340209961E-6
8.365511894226074E-5
3.406405812711455E-5
9.572505950927734E-5
7.283687591552734E-5
1.3598800069303252E-4
4.217028617858887E-6
3.453903829608862E-13
1.816324868286756E-12
1.4277468096679513E-13
9.91429160990265E-14
1.0197398481182063E-12
3.800293413291911E-13
6.168399124817371E-13
1.7623680292899735E-12
9.064970996064403E-13
1.0458300891968975E-13
6.085634231567383E-5
3.7670135498046875E-5
3.173951699864119E-5
3.224611282348633E-5
2.440810203552246E-5
1.4495849609375E-4
1.4084577560424805E-4
2.9802322387695312E-5
1.355409767711535E-4
1.4260411262512207E-4
1.8000602767642704E-4
6.943345069885254E-4
2.733469009399414E-4
6.979703903198242E-5
9.065866470336914E-5
3.050565719604492E-4
2.8133392333984375E-5
4.2313337326049805E-4
1.9931793940486386E-4
6.407499313354492E-4
5.205869674682617E-4
3.1113624572753906E-5
1.9228504970669746E-4
9.34600830078125E-5
2.7060508728027344E-5
8.046627044677734E-5
6.53624563710764E-4
0.0012979507446289062
8.143186569213867E-4
2.1278858184814453E-4
0.0011706352233886719
0.0029866695404052734
0.0013308529814821668
3.504753112792969E-4
2.753753215074539E-4
6.771088374080136E-5
1.0561943054199219E-4
0.0011632442474365234
0.0022034645080566406
6.191730499267578E-4
0.0010886192321777344
0.004373565316200256
1.2826922466047108E-4
0.0024209022521972656
9.708404541015625E-4
0.0024271049187518656
7.104882970452309E-4
1.2111663818359375E-4
3.943443298339844E-4
9.503364562988281E-4
3.9005279541015625E-4
2.460479736328125E-4
5.168914794921875E-4
9.65118408203125E-4
0.0036802291870117188
0.009053230285644531
0.005428314208984375
2.5272369384765625E-4
4.7397613525390625E-4
2.422332763671875E-4
0.005739271640777588
0.008762359619140625
5.626678466796875E-4
0.009210586547851562
0.011348724365234375
0.0091094970703125
0.01807403564453125
0.008693695068359375
0.010149002075195312
0.00226593017578125
0.0055084228515625
0.003314971923828125
0.005565643310546875
0.017314910888671875
0.016361236572265625
0.017780780792236328
8.65936279296875E-4
0.03189849853515625
0.00881195068359375
0.028751403093338013
0.033477783203125
0.02964019775390625
0.00711822509765625
0.07028961181640625
0.00174713134765625
0.033294677734375
0.11756134033203125
0.0413360595703125
0.00185394287109375
0.0406494140625
0.20001220703125
0.202392578125
0.2049102783203125
0.0842742919921875
0.14105224609375
0.007659912109375
0.03558352589607239
0.081085205078125
0.0727691650390625
0.07353591918945312
1.5241141682054149E-12
6.874500968478977E-13
2.6967317268145052E-12
8.57980353430321E-13
2.544631172440859E-13
9.985345883478658E-13
2.0314860904591114E-12
1.4672707493446069E-12
1.1222134332911082E-12
3.097522238704189E-13
0.246246337890625
0.275360107421875
0.0859375
0.064849853515625
0.1998443603515625
0.086700439453125
0.0213623046875
0.18317031860351562
0.081268310546875
0.148834228515625
0.917236328125
0.43023681640625
0.4538726806640625
0.032470703125
0.1021738052368164
0.35992431640625
0.423492431640625
0.3931436538696289
0.026916563510894775
0.115478515625
0.9334716796875
0.57421875
0.31494140625
0.1519794464111328
0.53759765625
0.6920166015625
0.806884765625
0.895263671875
1.7994384765625
0.4271240234375
1.1713876724243164
4.518310546875
1.803955078125
0.062255859375
2.05615234375
0.208984375
2.4892578125
1.099853515625
1.19677734375
2.576171875
2.4521484375
0.458984375
0.548828125
1.123046875
5.9921875
2.38427734375
1.61181640625
2.9736328125
8.548828125
2.666015625
0.53125
4.2509765625
0.30078125
0.7509765625
0.1240234375
13.1142578125
0.6640625
1.2109375
6.9912109375
0.96484375
0.0060672760009765625
0.0030503273010253906
0.0046062488145253155
0.0021390914916992188
7.128716679289937E-4
0.003551483154296875
0.002471446990966797
0.0026679039001464844
0.006180763244628906
0.003093719482421875
19.033203125
28.8828125
80.6328125
12.13671875
18.796875
2.8798828125
35.12890625
26.46875
2.7734375
10.078125
33.6171875
59.640625
16.234375
2.5546875
21.8515625
2.2734375
27.4140625
42.1015625
18.8828125
37.5234375
99.4375
77.28125
151.90625
3.859375000000007
11.015625
92.0
20.60986328125
99.703125
116.59375
40.359375
4.86810591837639E-12
5.30953059296735E-12
2.375877272697835E-12
7.94697641026689E-12
4.0101255649460654E-13
4.8756554349438375E-12
2.722266856380884E-12
5.849987161354875E-12
8.895106873296754E-13
3.197442310920451E-12
170.4375
9.625
161.71875
280.59375
5.75
79.0
139.4375
153.9375
144.4375
138.6875
54.4375
265.125
322.25
355.1875
44.25
467.0
13.8125
314.125
269.6875
79.4375
5.497824417943775E-12
2.539302101922658E-12
6.077804926007983E-12
1.0130563055099628E-11
6.1888272284704985E-12
3.1521452115157444E-12
3.8520298062394496E-12
4.785505325344275E-12
7.767120280277595E-12
4.909850304102292E-12
2.1097790181556775E-11
1.0409451078885468E-11
8.675726803630823E-12
2.8048674494129955E-12
2.3293367235055588E-11
4.098055228496378E-12
6.0396132539608516E-12
1.5907275496829243E-11
9.050538096744276E-12
4.1033842990145867E-13
6.651878356933594E-5
1.809041805245215E-11
5.030642569181509E-12
8.991918321044068E-12
1.526245796412716E-11
4.654410190596536E-11
1.7649881556281095E-11
1.5869972003201838E-11
1.98276950413857E-11
4.757083615914284E-12
1.6363799204555107E-11
1.1020517831639154E-11
4.624922667062492E-11
1.3642420526593924E-12
2.1813661987835076E-11
4.1524117477820255E-11
1.464428578401732E-11
1.822542117224657E-11
1.1937117960769683E-12
3.3026026358129457E-11
1.4073009424464544E-10
5.161382432561368E-11
1.3471890270011706E-11
6.966160981393346E-11
2.491162831574911E-10
9.127631983574911E-11
8.346034974238137E-11
6.79705181028178E-11
2.5906388145813253E-11
1.9666401840368053E-10
