1.6245338407827603E-13
1.7821855102795325E-13
2.152167333235866E-13
1.9872992140790302E-14
1.9181878307961142E-13
1.6253665080512292E-13
3.3556490919295356E-14
2.2620794126737565E-14
1.5717982471130654E-13
1.543487559985124E-13
2.3419488570652902E-11
2.8705926524734634E-11
8.72546479513403E-11
2.0605739337042918E-11
5.778133527201135E-11
2.0236257114447666E-11
4.221476501697907E-10
1.454338871553773E-10
2.6003021957876626E-10
9.00968188943807E-11
1.2965983842150308E-10
3.6078517950954847E-10
1.0112444215337911E-10
5.41831468581222E-10
3.1178615245153196E-10
4.0461145545123145E-10
1.1795009413617663E-9
2.7705482352757826E-10
2.4090240913210437E-10
6.010054676153231E-10
1.4642864698544145E-10
1.0269332051393576E-9
1.9667822925839739E-10
5.2978066378286305E-11
5.646825229632668E-10
2.7341684472048655E-10
3.126388037344441E-11
2.2040467229093935E-9
1.198259269585833E-10
9.598579708836041E-10
1.2696546036750144E-9
4.545199772110209E-10
2.844444679794833E-10
1.2187229003757238E-9
2.4410837795585394E-9
1.3360477169052852E-9
2.7466739993542516E-10
9.003997547594341E-11
4.5906745071988553E-10
6.56882548355504E-10
4.2273313738405704E-9
3.616605681600049E-9
2.168235369026661E-9
3.67435859516263E-10
1.2046257324982435E-9
1.2005330063402653E-10
1.3378667063079774E-9
1.6370904631912708E-9
1.1596057447604835E-10
1.515672920504585E-9
1.318767317570746E-10
1.9736035028472543E-10
5.3287294576875865E-9
3.906279744114727E-9
1.4370016288012266E-9
2.1191226551309228E-10
2.078195393558023E-9
4.611138137988746E-10
4.021785571239889E-9
2.8576323529705405E-9
1.3526005204766989E-8
6.531990948133171E-9
1.54304871102795E-8
4.7584762796759605E-9
2.1498635760562688E-8
2.0876541384495795E-8
3.9472070056945086E-10
2.355591277591884E-9
4.965841071951239E-10
1.112857717089355E-8
1.836815499700606E-8
2.462911652414642E-9
9.469658834913939E-9
8.62200977280736E-10
2.132219378836453E-8
3.6179699236527085E-8
2.572051016613841E-9
1.8906575860455632E-8
8.210918167605996E-9
5.0364178605377674E-8
6.1918399296700954E-9
3.4880940802395344E-8
5.580659490078688E-9
1.5133991837569289E-9
8.949427865445614E-9
3.3098331186920404E-8
3.569584805518389E-8
3.521563485264778E-8
4.1422026697546244E-8
1.7535057850182056E-9
1.6341800801455975E-8
3.01806721871023E-8
1.2527743820101023E-7
1.8230639398097992E-7
8.278584574133475E-8
3.4036929719150066E-8
3.854802343994379E-8
1.601438270881772E-7
1.2789678294211626E-7
7.210473995655775E-8
1.615285873413086E-5
5.741518371848997E-13
4.757305660518796E-14
2.8849145294884693E-13
2.798317133567707E-13
4.230504835334159E-13
3.515521207475558E-13
5.799805080641818E-13
1.9750867608081545E-13
8.83638858795166E-6
4.526518750935793E-7
4.5978231355547905E-7
1.5116529539227486E-7
1.26339728012681E-7
4.4761691242456436E-8
2.5710323825478554E-7
5.73345460008496E-9
1.4129909686744213E-7
1.2482632882903928E-7
1.100124791264534E-8
2.899905666847724E-7
5.568144842982292E-7
4.511093720793724E-8
2.4854671210050583E-8
3.149034455418587E-8
3.476743586361408E-7
6.094342097640038E-8
2.9837246984243393E-7
1.2922100722789764E-7
3.4313416108489037E-7
1.0861549526453018E-6
1.4621764465871934E-7
1.0152580216526985E-6
9.830109775066376E-7
5.029141902923584E-8
5.217734724283218E-7
9.487848728895187E-7
9.590294212120237E-7
1.4528632208410386E-7
6.639165803790092E-7
1.5227124139371995E-7
2.4884939193725586E-6
5.895271897315979E-7
1.885928213596344E-7
1.3685785233974457E-6
1.0652001947164536E-6
1.8952414393771932E-7
1.9045546650886536E-7
1.0193325579166412E-6
5.487818270921707E-7
2.9699876904522304E-6
1.3243407011032104E-6
7.338821905733539E-7
6.109476090032651E-7
5.760230195051008E-7
4.038680344820023E-6
2.7203932404518127E-6
4.44287434220314E-6
1.1408701539039612E-7
3.5762786865234396E-7
6.854534149169922E-7
5.098059773445129E-6
5.908310413360596E-6
1.4042481787157612E-5
4.2626634382259E-6
1.086108386516571E-5
6.34416937828064E-6
1.3615936040878296E-6
5.0533562898635864E-6
6.25196844350473E-6
1.8144026398658752E-5
1.298263669058386E-5
1.9501895849316497E-6
8.540228122910776E-6
1.562945544719696E-5
9.57399606704712E-7
1.4323742334454437E-6
1.368112862110138E-5
1.6793608779153146E-5
9.395182132720947E-6
1.8201768401837626E-5
1.1529773473739624E-5
2.0783394576895375E-5
2.5995075702667236E-5
9.238720508619735E-7
1.5988945960998535E-5
2.0235776901245117E-5
1.0021030902862549E-6
4.080310486642702E-5
1.0728836059570312E-6
4.805624485015869E-6
1.3165175914764404E-5
1.996755599975586E-6
5.297362804412842E-6
6.467104140028823E-5
4.444271507964004E-5
6.914138797498026E-6
1.055002212524414E-5
3.510713577270508E-5
6.034970283508301E-6
7.94529914855957E-5
1.8537044525146484E-5
4.32133674621582E-6
1.5306472778320312E-4
1.7504394054412842E-4
1.891404390335083E-4
7.489323616027832E-5
3.546476364135742E-6
6.982684135437012E-5
5.8010220527648926E-5
1.2423395645555502E-12
1.510569447304988E-12
8.37108160567368E-14
4.071187831300449E-13
2.2082335959794364E-13
1.993516463016931E-12
6.841194277740215E-13
7.490674747145931E-13
6.195044477408373E-13
7.147615832536758E-13
4.976987952431955E-6
1.4400483632925898E-4
7.957220077514648E-6
2.683699131011963E-4
1.4960765838623047E-5
1.4466047286987305E-4
1.2752413749694824E-4
3.000497817993164E-4
4.532933235168457E-5
1.7079711324186064E-4
0.0014135241508483887
2.8574466705322266E-4
4.280209541320801E-4
3.2323598861694336E-4
5.041360855102539E-4
4.999041557312012E-4
2.295374870300293E-4
2.8330088389338925E-4
4.488229751586914E-5
9.953975677490234E-6
0.0013502836227416992
2.956390380859375E-5
5.065202713012695E-4
2.6929378509521484E-4
5.881786346435547E-4
0.001341104507446289
3.0803680419921875E-4
5.873444024473429E-4
7.261037826538086E-4
0.001033782958984375
6.84261329297442E-4
0.0021212100982666016
3.62396240234375E-4
5.612378008663654E-4
5.502700805664062E-4
0.001997710205614567
0.0018291473388671875
6.020073778927326E-4
1.3208389282226562E-4
0.003139736130833626
4.711151123046875E-4
1.5926361083984375E-4
0.0020790100388694555
0.003139972686767578
0.002621651627123356
0.005286216735839844
0.0024423599243164062
0.004237651824951172
0.00882101058959961
1.5687942504882812E-4
0.008535385131835938
0.006835967302322388
0.009724617004394531
0.0020933151245117188
0.0022068023681640625
0.004900932312011719
0.005354881286621094
0.008142471313476562
0.004119873046875
0.008706092834472656
0.003330230712890625
0.0019989018328487873
0.020904541015625
0.0048084259033203125
3.261575475335121E-4
0.01859283447265625
0.007465362548828125
0.0072479248046875
9.288787841796875E-4
0.008960723876953125
0.049884796142578125
0.0193023681640625
0.042201995849609375
9.72747802734375E-4
0.008148193359375
0.035251617431640625
0.001163482666015625
0.03893280029296875
0.00244140625
0.017971038818359375
0.0617065504193306
0.02857208251953125
0.0362701416015625
0.01702880859375
0.0671854019165039
0.0720062255859375
0.0367584228515625
0.02709197998046875
0.013572700321674347
0.00592041015625
0.0511322021484375
0.0980377234518528
0.034820556640625
0.0038605034351348877
0.0976715087890625
0.072479248046875
0.0470123291015625
0.1188507080078125
0.0969696044921875
0.12652587890625
7.864819906444609E-13
4.7388759583100214E-12
9.634515407697108E-13
1.0391687510491465E-12
1.6564527527407376E-13
2.0494717034580398E-12
1.48991929904696E-12
7.0037309285453375E-12
1.1219913886861832E-12
2.781774810500793E-12
6.0498714447021484E-6
0.3121337890625
0.01547253131866455
0.179443359375
0.006012082099914551
0.022705078125
0.155364990234375
0.020843505859375
0.136322021484375
3.8936734199523926E-5
0.609130859375
0.5137939453125
0.0954594612121582
0.089691162109375
0.1087646484375
0.28619384765625
0.3895263671875
0.05029296875
0.01470947265625
0.59014892578125
0.6925048828125
0.4495849609375
0.06591796875
0.1593170166015625
1.0660400390625
0.0262451171875
1.5234375
0.035648345947265625
0.7373046875
1.13134765625
1.806396484375
1.881103515625
0.245849609375
3.111572265625
1.115478515625
0.24176025390625
1.647705078125
0.521484375
0.600830078125
1.6220703125
6.8642578125
2.6875
8.35546875
1.51318359375
5.310546875
0.37744140625
3.2529296875
2.41845703125
0.1616363525390625
1.6357421875
7.69140625
1.4765625
9.0419921875
16.2353515625
6.2099609375
4.22265625
4.7705078125
4.0693359375
2.69921875
2.982421875
23.09765625
27.5166015625
8.134765625
10.544921875
8.392578125
21.578125
9.09375
11.1533203125
0.93212890625
17.568359375
35.33984375
20.0390625
19.765625
33.26171875
6.7734375
67.5234375
45.9287109375
35.0
33.33984375
10.7275390625
2.359375
67.5234375
66.0703125
38.6640625
8.546875
130.8125
42.796875
37.3359375
123.9765625
74.4765625
4.3125
67.890625
3.65625
206.8125
68.453125
11.609375
132.828125
75.1875
131.8125
48.40625
3.1610269957127457E-12
1.6870949082203879E-12
2.7058355556164315E-12
4.309441692385011E-12
3.6268765768454614E-12
2.254640918408768E-12
6.616485137556083E-12
2.866595849582154E-12
1.1306511282782594E-12
3.175237850427954E-12
305.96875
9.91015625
11.21875
9.125
361.75
14.75
50.625
85.0625
45.0390625
135.0625
13.0625
413.25
18.0625
410.125
842.0625
387.4375
443.75
656.1875
372.625
297.75
4.065192626967473E-12
1.2613021738161478E-11
4.802380715318577E-12
8.597567102697212E-12
3.1530333899354446E-13
3.0127011996228248E-12
1.9593215938584763E-12
1.4637180356658322E-12
7.544187496932864E-12
2.4771296125436493E-12
4.529709940470639E-12
2.094324713652916E-11
5.416112003331364E-12
1.1038281400033156E-11
1.0121681270902627E-11
8.203215884350357E-12
8.094858117146941E-12
1.2995826637052232E-11
2.7835511673401925E-12
4.504840944719061E-12
3.958433580919518E-11
1.2079226507921703E-11
1.692868067948444E-11
1.0061285138363019E-11
2.8283153596930788E-11
3.184652541676769E-11
1.9184653865522705E-11
3.54702933691442E-11
1.787014980436652E-12
3.140598892059643E-11
7.80318032411742E-11
9.694645086711179E-11
3.2727598409110324E-11
5.6985527407960035E-11
5.4782844927103724E-11
9.454481642023893E-11
3.5221603411628166E-11
3.701927653310122E-12
9.843859061220593E-11
2.3867130494181765E-11
1.3777423646388343E-10
4.256150987203E-11
7.634071153007178E-11
2.447251290504937E-10
6.437517185986508E-12
7.602807272633072E-11
8.715517196833389E-11
1.1300471669528633E-10
1.262918658540002E-10
6.659206519543659E-11
