1.5026868638301494E-13
1.9231838344069274E-13
3.697042672001771E-14
1.8537948953678551E-13
3.153310945691601E-13
3.518019209280965E-13
2.727262859991697E-13
1.337263633161001E-13
8.31279489688086E-14
1.2886913758336505E-13
2.638671503518708E-10
1.6061107999121305E-10
4.1961811803048477E-10
1.4495071809506044E-10
2.0338575268397108E-10
7.94102561485488E-11
3.566356099327095E-10
8.753886504564434E-11
2.1375967662606854E-10
3.7687186704715714E-10
3.368541001691483E-10
2.8478552849264815E-11
5.728679752792232E-10
3.168452167301968E-10
5.367155608837493E-10
3.4083313948951074E-10
2.731326276261825E-10
6.506297722808085E-10
1.5756995708215982E-10
2.814886101987213E-10
7.493099474231713E-10
9.208633855450898E-11
1.2161081031081267E-9
6.052687240298837E-10
1.0827534424615183E-9
5.478568709804693E-10
3.5390712582739235E-10
1.2329337550909258E-9
6.203890734468587E-10
8.234337656185136E-10
5.04996933159425E-10
4.127286956645548E-9
2.7764599508373133E-9
1.5022578736538577E-9
4.1177372622769326E-10
6.559730536537245E-10
1.308080754824914E-9
6.752998160663992E-11
2.0886545826215305E-9
1.5279510989785194E-9
2.850356395356357E-9
5.1022652769461274E-9
7.532435120083392E-9
4.546109266818758E-9
3.901277523254976E-9
1.0786607163027458E-9
1.0413714335300028E-10
2.010438038269058E-9
2.2314452507998794E-9
6.207301339600235E-10
6.145455699879676E-9
8.148163033197322E-9
6.657501216977835E-10
1.9826984498649836E-10
1.3009412214214176E-8
5.038600647822022E-10
3.765308065339923E-9
5.543370207305998E-9
1.4397301129066513E-9
1.289299689233303E-8
1.7214915715157986E-8
7.91078491602093E-9
1.1854353942908347E-8
1.0080839274451137E-8
1.2543750926852226E-8
1.4551915228366852E-9
2.328488335479051E-8
9.851646609604359E-9
1.1088559404015541E-8
2.013257471844554E-8
1.837179297581315E-9
3.077730070799589E-8
1.259468263015151E-8
1.0986695997433914E-9
2.4097971618175507E-8
2.971501089632511E-8
1.595253706909716E-8
1.6665580915287137E-8
3.267996362410486E-8
1.8189894036000666E-9
2.73939804174006E-8
5.653419066220522E-9
1.9063008949160576E-9
7.602648111060262E-8
3.891182132065296E-8
1.1226802598685026E-7
4.064349923282862E-8
1.2219243217261E-7
3.5921402741223574E-8
9.393261281645526E-9
4.100729711353779E-8
1.752923708409071E-7
6.653135642409325E-8
6.827758625149727E-8
2.4243490770459175E-8
1.6653211787343025E-7
6.513437256217003E-8
7.118796929717064E-8
2.5640474632382393E-8
9.672658052992046E-8
9.275913370743183E-14
5.306310946195936E-13
6.872280522429719E-14
5.076494780098528E-13
2.733924198139448E-13
2.4408253196384067E-13
2.450817326860033E-13
5.39346345362901E-13
2.1510571102112408E-13
5.814793091474257E-13
1.658045221120119E-7
2.517190296202898E-7
2.767774276435375E-7
5.1048118621110916E-8
7.508788257837296E-9
2.130400389432907E-8
2.7767964638769627E-7
1.5107798390090466E-7
3.2992102205753326E-7
1.2657255865633488E-7
2.8102658689022064E-7
3.0221417546315646E-7
3.0675437301831004E-8
4.256144165992737E-7
1.1886004358530045E-7
4.150206223130226E-8
2.7299392968470424E-8
6.559421308338642E-7
1.1699739843606949E-8
3.327149897813797E-7
7.80448317527771E-7
7.452908903360367E-7
1.4819670468568802E-7
1.2504169717431068E-6
1.5256227925419807E-6
1.516658813205396E-6
7.234048098325729E-7
3.026798367500305E-8
8.731149137020111E-8
5.906913429498672E-7
2.032611519098282E-6
1.4458782970905304E-6
2.039829269051552E-6
2.078013495498965E-6
6.239861249923706E-8
3.564637154340744E-7
1.1385418479115117E-6
5.539041012525558E-7
1.1101365090526727E-6
1.7648562788963318E-7
1.2968666851520538E-6
2.3706816136837006E-6
2.021901309490204E-6
4.178844392299652E-6
2.013053745031357E-6
2.3799948394298553E-6
4.897359758643249E-6
1.6437843441963196E-7
3.662891685962677E-6
9.016133844852448E-6
8.847564515690465E-6
4.791654646396637E-6
4.95370477437973E-6
5.834735958387682E-6
6.48200511932373E-7
3.2652169466018677E-6
6.332062213232348E-6
4.789792001247406E-6
5.017034709453583E-6
6.045214831829071E-6
1.198984682559967E-5
9.046867489814758E-6
2.1032989025115967E-5
8.52532684803009E-6
2.0170584321022034E-5
2.2541731595993042E-5
1.7005950212478638E-6
1.9885599613189697E-5
9.506940841674805E-6
1.0486692190170288E-6
1.13658607006073E-5
1.2241304148119525E-5
3.627687692642212E-5
1.8890947103500366E-5
2.987682819366455E-6
2.6308000087738037E-5
5.301088094711304E-6
9.65222716331482E-6
1.6070902347564697E-5
1.699104905128479E-5
1.749396324157715E-5
9.018182754516602E-5
5.218386661454133E-5
4.233419940646854E-5
5.4776668548583984E-5
3.626197576522827E-5
6.110221150379402E-5
6.496906280517578E-6
5.0537288188934326E-5
8.03917646408081E-6
8.046627044677734E-6
8.143484592437744E-5
8.07642936706543E-5
2.1085143089294434E-5
1.0192394259433968E-4
6.5267086029052734E-6
1.714974642119671E-4
7.53253698348999E-5
1.9353628158569336E-4
3.1739473342895508E-6
1.053046538856961E-12
5.98965321785272E-13
5.753175713607561E-13
1.0902390101819047E-13
1.127986593019159E-13
6.559197629485425E-13
1.291411422243982E-12
1.2114753644709708E-12
4.949374243778948E-13
1.194488952194206E-12
8.225440979003906E-6
3.0100360163487494E-5
2.700686454772949E-4
3.986358642578125E-4
1.8829107284545898E-4
1.304149627685547E-4
3.3468008155068674E-5
7.092952728271484E-6
5.240142345428467E-4
8.434057349404611E-6
6.770491600036621E-4
1.531839370727539E-5
3.325939178466797E-5
6.526708602905273E-5
1.2934207916259766E-5
3.999471664428711E-5
2.9927492141723633E-4
7.18474417226389E-4
1.2993812561035156E-5
3.9583444595336914E-4
3.5750865936279297E-4
5.205869674682617E-4
0.0011404752749513136
5.608797073364258E-4
5.242824554443359E-4
2.396106719970703E-5
3.5798572935163975E-4
0.0010010004043579102
7.331371307373047E-4
5.509858019649982E-4
0.001028299331665039
0.001167774316854775
0.0018219947814941406
0.0020062923431396484
0.0014820098876953125
0.002124309539794922
0.001116037368774414
0.0010473728189026588
0.0026075849309563637
1.8668174743652344E-4
0.006528377532958984
1.5688035637140274E-4
3.7193484604358673E-4
3.7670135498046875E-4
0.004011631015600869
0.0029840469360351562
0.002439498930471018
0.005439281463623047
0.00446319580078125
0.0020990371704101562
5.006790161132812E-4
2.3746490478515625E-4
0.0074005126953125
7.305145263671875E-4
0.004426002502441406
0.0053119659423828125
0.008653640747070312
2.918243408203125E-4
7.133485196391121E-4
0.005896583199501038
0.01190185546875
6.141681224107742E-4
0.01707082986831665
0.0092926025390625
0.013898849487304688
3.39508056640625E-4
0.005397796630859375
0.00400543212890625
7.28607177734375E-4
0.001373291015625
3.688001015689224E-10
0.01837158203125
0.047710418701171875
0.024753570556640625
0.0011138916015625
0.0187225341796875
0.016468048095703125
0.01638031005859375
8.468532541883195E-10
1.766693458193913E-10
0.096649169921875
0.011505424976348877
0.08799934387207031
0.002311713993549347
0.02486419677734375
0.00829315185546875
0.01970672607421875
0.002044677734375
0.017608642578125
0.007720947265625
0.1298980712890625
0.0774993896484375
0.1763763427734375
0.007843047380447388
0.115325927734375
0.0873565673828125
0.0968780517578125
0.0435638427734375
0.00396728515625
0.0828704833984375
1.5918377727075494E-12
1.0909051439966788E-12
1.1257661469699087E-12
3.5014213750628187E-12
6.927791673660977E-14
1.1859402349045922E-12
1.1386447340555605E-12
1.113553693699032E-12
7.782663402622347E-13
5.138112157965224E-13
0.452301025390625
0.012969985604286194
0.02081298828125
0.173614501953125
0.382232666015625
0.02056884765625
0.031341552734375
0.2008514404296875
0.1983966827392578
0.0361328125
0.4385986328125
0.24456787109375
0.4652099609375
0.3433837890625
0.5106201171875
0.7364501953125
0.05035400390625
0.46630859375
0.0419921875
0.29449462890625
0.754150390625
0.405517578125
0.282958984375
0.71630859375
0.0675048828125
1.2021484375
0.369873046875
0.1221923828125
1.2547607421875
0.0135498046875
0.6923828125
0.180419921875
0.2001953125
0.384765625
3.43896484375
2.56640625
2.6962890625
2.0507888793945312
1.358642578125
1.396484375
1.11962890625
0.3369178771972656
0.88330078125
5.99755859375
2.021484375
3.59130859375
5.1865234375
3.6552734375
3.18505859375
2.3720703125
1.6904296875
1.7607421875
4.7607421875
5.6435546875
0.4629058837890625
5.017578125
4.3095703125
17.23046875
1.1904296875
0.8662109375
4.36328125
0.3876953125
24.703125
1.53125
1.0693359375
0.501953125
0.599609375
20.13134765625
27.123046875
18.177734375
22.203125
34.109375
33.28125
49.140625
23.62109375
5.921875
22.3671875
10.6826171875
40.83984375
17.19140625
89.12890625
96.671875
18.6953125
61.3515625
1.7578125
49.1640625
17.609375
2.578125
33.984375
18.0
185.171875
66.171875
211.7421875
129.46875
80.15625
4.78125
76.78125
60.1875
39.5625
135.65625
2.2009061240169103E-12
3.0895286329268856E-12
1.3691270339677495E-12
5.2233772862564365E-12
4.376499163072367E-12
4.347633364432113E-13
1.9051427102567686E-13
5.893951993130034E-12
2.138733634637902E-12
3.290701044988964E-13
263.09375
22.0625
137.6875
404.1875
326.8125
22.71875
160.84375
8.5625
72.40625
217.78125
340.0625
48.8125
332.5625
18.0
465.625
369.25
147.25
49.75
58.9375
15.53125
3.1468161409975437E-12
5.770495192791714E-12
5.4365401069844665E-12
2.915889751875511E-12
5.872635711057228E-12
5.799805080641818E-13
4.432898492723325E-12
1.0037304321031115E-11
3.839595308363641E-12
1.0419221041502169E-11
2.1939783323432493E-11
1.553601691739459E-11
3.083755473198835E-12
1.77280412572145E-12
9.089617947211082E-12
1.588773557159584E-11
2.4714452706575685E-11
5.968558980384971E-13
1.162803187071404E-11
1.3695711231775931E-11
2.9238833576528123E-12
1.723066134218243E-11
1.8225421172247397E-11
2.3156587758421665E-11
1.674393956818676E-11
2.319566760888847E-11
1.573852159708622E-11
1.9145574015056106E-11
4.938272013532696E-12
3.430855599617644E-11
8.689937658346025E-12
8.880363111529732E-11
1.7763568394002505E-12
2.0591528482327703E-11
3.8937741919653497E-11
6.447464784287149E-11
3.82982534574694E-11
7.0549788233622E-11
1.9468870959826745E-12
9.606537787477382E-12
1.1193890259164618E-10
1.1567635738174431E-11
7.996447948244167E-11
6.824052434240002E-11
1.0105338787980145E-10
1.3086776107229856E-10
1.1212364370294381E-11
1.318056774835052E-10
2.967226464534181E-11
1.5347723092418164E-10
1.5026868638301494E-13
1.9231838344069274E-13
3.697042672001771E-14
1.8537948953678551E-13
3.153310945691601E-13
3.518019209280965E-13
2.727262859991697E-13
1.337263633161001E-13
8.31279489688086E-14
1.2886913758336505E-13
2.638671503518708E-10
1.6061107999121305E-10
4.1961811803048477E-10
1.4495071809506044E-10
2.0338575268397108E-10
7.94102561485488E-11
3.566356099327095E-10
8.753886504564434E-11
2.1375967662606854E-10
3.7687186704715714E-10
3.368541001691483E-10
2.8478552849264815E-11
5.728679752792232E-10
3.168452167301968E-10
5.367155608837493E-10
3.4083313948951074E-10
2.731326276261825E-10
6.506297722808085E-10
1.5756995708215982E-10
2.814886101987213E-10
7.493099474231713E-10
9.208633855450898E-11
1.2161081031081267E-9
6.052687240298837E-10
1.0827534424615183E-9
5.478568709804693E-10
3.5390712582739235E-10
1.2329337550909258E-9
6.203890734468587E-10
8.234337656185136E-10
5.04996933159425E-10
4.127286956645548E-9
2.7764599508373133E-9
1.5022578736538577E-9
4.1177372622769326E-10
6.559730536537245E-10
1.308080754824914E-9
6.752998160663992E-11
2.0886545826215305E-9
1.5279510989785194E-9
2.850356395356357E-9
5.1022652769461274E-9
7.532435120083392E-9
4.546109266818758E-9
3.901277523254976E-9
1.0786607163027458E-9
1.0413714335300028E-10
2.010438038269058E-9
2.2314452507998794E-9
6.207301339600235E-10
6.145455699879676E-9
8.148163033197322E-9
6.657501216977835E-10
1.9826984498649836E-10
1.3009412214214176E-8
5.038600647822022E-10
3.765308065339923E-9
5.543370207305998E-9
1.4397301129066513E-9
1.289299689233303E-8
1.7214915715157986E-8
7.91078491602093E-9
1.1854353942908347E-8
1.0080839274451137E-8
1.2543750926852226E-8
1.4551915228366852E-9
2.328488335479051E-8
9.851646609604359E-9
1.1088559404015541E-8
2.013257471844554E-8
1.837179297581315E-9
3.077730070799589E-8
1.259468263015151E-8
1.0986695997433914E-9
2.4097971618175507E-8
2.971501089632511E-8
1.595253706909716E-8
1.6665580915287137E-8
3.267996362410486E-8
1.8189894036000666E-9
2.73939804174006E-8
5.653419066220522E-9
1.9063008949160576E-9
7.602648111060262E-8
3.891182132065296E-8
1.1226802598685026E-7
4.064349923282862E-8
1.2219243217261E-7
3.5921402741223574E-8
9.393261281645526E-9
4.100729711353779E-8
1.752923708409071E-7
6.653135642409325E-8
6.827758625149727E-8
2.4243490770459175E-8
1.6653211787343025E-7
6.513437256217003E-8
7.118796929717064E-8
2.5640474632382393E-8
9.672658052992046E-8
9.275913370743183E-14
5.306310946195936E-13
6.872280522429719E-14
5.076494780098528E-13
2.733924198139448E-13
2.4408253196384067E-13
2.450817326860033E-13
5.39346345362901E-13
2.1510571102112408E-13
5.814793091474257E-13
1.658045221120119E-7
2.517190296202898E-7
2.767774276435375E-7
5.1048118621110916E-8
7.508788257837296E-9
2.130400389432907E-8
2.7767964638769627E-7
1.5107798390090466E-7
3.2992102205753326E-7
1.2657255865633488E-7
2.8102658689022064E-7
3.0221417546315646E-7
3.0675437301831004E-8
4.256144165992737E-7
1.1886004358530045E-7
4.150206223130226E-8
2.7299392968470424E-8
6.559421308338642E-7
1.1699739843606949E-8
3.327149897813797E-7
7.80448317527771E-7
7.452908903360367E-7
1.4819670468568802E-7
1.2504169717431068E-6
1.5256227925419807E-6
1.516658813205396E-6
7.234048098325729E-7
3.026798367500305E-8
8.731149137020111E-8
5.906913429498672E-7
2.032611519098282E-6
1.4458782970905304E-6
2.039829269051552E-6
2.078013495498965E-6
6.239861249923706E-8
3.564637154340744E-7
1.1385418479115117E-6
5.539041012525558E-7
1.1101365090526727E-6
1.7648562788963318E-7
1.2968666851520538E-6
2.3706816136837006E-6
2.021901309490204E-6
4.178844392299652E-6
2.013053745031357E-6
2.3799948394298553E-6
4.897359758643249E-6
1.6437843441963196E-7
3.662891685962677E-6
9.016133844852448E-6
8.847564515690465E-6
4.791654646396637E-6
4.95370477437973E-6
5.834735958387682E-6
6.48200511932373E-7
3.2652169466018677E-6
6.332062213232348E-6
4.789792001247406E-6
5.017034709453583E-6
6.045214831829071E-6
1.198984682559967E-5
9.046867489814758E-6
2.1032989025115967E-5
8.52532684803009E-6
2.0170584321022034E-5
2.2541731595993042E-5
1.7005950212478638E-6
1.9885599613189697E-5
9.506940841674805E-6
1.0486692190170288E-6
1.13658607006073E-5
1.2241304148119525E-5
3.627687692642212E-5
1.8890947103500366E-5
2.987682819366455E-6
2.6308000087738037E-5
5.301088094711304E-6
9.65222716331482E-6
1.6070902347564697E-5
1.699104905128479E-5
1.749396324157715E-5
9.018182754516602E-5
5.218386661454133E-5
4.233419940646854E-5
5.4776668548583984E-5
3.626197576522827E-5
6.110221150379402E-5
6.496906280517578E-6
5.0537288188934326E-5
8.03917646408081E-6
8.046627044677734E-6
8.143484592437744E-5
8.07642936706543E-5
2.1085143089294434E-5
1.0192394259433968E-4
6.5267086029052734E-6
1.714974642119671E-4
7.53253698348999E-5
1.9353628158569336E-4
3.1739473342895508E-6
1.053046538856961E-12
5.98965321785272E-13
5.753175713607561E-13
1.0902390101819047E-13
1.127986593019159E-13
6.559197629485425E-13
1.291411422243982E-12
1.2114753644709708E-12
4.949374243778948E-13
1.194488952194206E-12
8.225440979003906E-6
3.0100360163487494E-5
2.700686454772949E-4
3.986358642578125E-4
1.8829107284545898E-4
1.304149627685547E-4
3.3468008155068674E-5
7.092952728271484E-6
5.240142345428467E-4
8.434057349404611E-6
6.770491600036621E-4
1.531839370727539E-5
3.325939178466797E-5
6.526708602905273E-5
1.2934207916259766E-5
3.999471664428711E-5
2.9927492141723633E-4
7.18474417226389E-4
1.2993812561035156E-5
3.9583444595336914E-4
3.5750865936279297E-4
5.205869674682617E-4
0.0011404752749513136
5.608797073364258E-4
5.242824554443359E-4
2.396106719970703E-5
3.5798572935163975E-4
0.0010010004043579102
7.331371307373047E-4
5.509858019649982E-4
0.001028299331665039
0.001167774316854775
0.0018219947814941406
0.0020062923431396484
0.0014820098876953125
0.002124309539794922
0.001116037368774414
0.0010473728189026588
0.0026075849309563637
1.8668174743652344E-4
0.006528377532958984
1.5688035637140274E-4
3.7193484604358673E-4
3.7670135498046875E-4
0.004011631015600869
0.0029840469360351562
0.002439498930471018
0.005439281463623047
0.00446319580078125
0.0020990371704101562
5.006790161132812E-4
2.3746490478515625E-4
0.0074005126953125
7.305145263671875E-4
0.004426002502441406
0.0053119659423828125
0.008653640747070312
2.918243408203125E-4
7.133485196391121E-4
0.005896583199501038
0.01190185546875
6.141681224107742E-4
0.01707082986831665
0.0092926025390625
0.013898849487304688
3.39508056640625E-4
0.005397796630859375
0.00400543212890625
7.28607177734375E-4
0.001373291015625
3.688001015689224E-10
0.01837158203125
0.047710418701171875
0.024753570556640625
0.0011138916015625
0.0187225341796875
0.016468048095703125
0.01638031005859375
8.468532541883195E-10
1.766693458193913E-10
0.096649169921875
0.011505424976348877
0.08799934387207031
0.002311713993549347
0.02486419677734375
0.00829315185546875
0.01970672607421875
0.002044677734375
0.017608642578125
0.007720947265625
0.1298980712890625
0.0774993896484375
0.1763763427734375
0.007843047380447388
0.115325927734375
0.0873565673828125
0.0968780517578125
0.0435638427734375
0.00396728515625
0.0828704833984375
1.5918377727075494E-12
1.0909051439966788E-12
1.1257661469699087E-12
3.5014213750628187E-12
6.927791673660977E-14
1.1859402349045922E-12
1.1386447340555605E-12
1.113553693699032E-12
7.782663402622347E-13
5.138112157965224E-13
0.452301025390625
0.012969985604286194
0.02081298828125
0.173614501953125
0.382232666015625
0.02056884765625
0.031341552734375
0.2008514404296875
0.1983966827392578
0.0361328125
0.4385986328125
0.24456787109375
0.4652099609375
0.3433837890625
0.5106201171875
0.7364501953125
0.05035400390625
0.46630859375
0.0419921875
0.29449462890625
0.754150390625
0.405517578125
0.282958984375
0.71630859375
0.0675048828125
1.2021484375
0.369873046875
0.1221923828125
1.2547607421875
0.0135498046875
0.6923828125
0.180419921875
0.2001953125
0.384765625
3.43896484375
2.56640625
2.6962890625
2.0507888793945312
1.358642578125
1.396484375
1.11962890625
0.3369178771972656
0.88330078125
5.99755859375
2.021484375
3.59130859375
5.1865234375
3.6552734375
3.18505859375
2.3720703125
1.6904296875
1.7607421875
4.7607421875
5.6435546875
0.4629058837890625
5.017578125
4.3095703125
17.23046875
1.1904296875
0.8662109375
4.36328125
0.3876953125
24.703125
1.53125
1.0693359375
0.501953125
0.599609375
20.13134765625
27.123046875
18.177734375
22.203125
34.109375
33.28125
49.140625
23.62109375
5.921875
22.3671875
10.6826171875
40.83984375
17.19140625
89.12890625
96.671875
18.6953125
61.3515625
1.7578125
49.1640625
17.609375
2.578125
33.984375
18.0
185.171875
66.171875
211.7421875
129.46875
80.15625
4.78125
76.78125
60.1875
39.5625
135.65625
2.2009061240169103E-12
3.0895286329268856E-12
1.3691270339677495E-12
5.2233772862564365E-12
4.376499163072367E-12
4.347633364432113E-13
1.9051427102567686E-13
5.893951993130034E-12
2.138733634637902E-12
3.290701044988964E-13
263.09375
22.0625
137.6875
404.1875
326.8125
22.71875
160.84375
8.5625
72.40625
217.78125
340.0625
48.8125
332.5625
18.0
465.625
369.25
147.25
49.75
58.9375
15.53125
3.1468161409975437E-12
5.770495192791714E-12
5.4365401069844665E-12
2.915889751875511E-12
5.872635711057228E-12
5.799805080641818E-13
4.432898492723325E-12
1.0037304321031115E-11
3.839595308363641E-12
1.0419221041502169E-11
2.1939783323432493E-11
1.553601691739459E-11
3.083755473198835E-12
1.77280412572145E-12
9.089617947211082E-12
1.588773557159584E-11
2.4714452706575685E-11
5.968558980384971E-13
1.162803187071404E-11
1.3695711231775931E-11
2.9238833576528123E-12
1.723066134218243E-11
1.8225421172247397E-11
2.3156587758421665E-11
1.674393956818676E-11
2.319566760888847E-11
1.573852159708622E-11
1.9145574015056106E-11
4.938272013532696E-12
3.430855599617644E-11
8.689937658346025E-12
8.880363111529732E-11
1.7763568394002505E-12
2.0591528482327703E-11
3.8937741919653497E-11
6.447464784287149E-11
3.82982534574694E-11
7.0549788233622E-11
1.9468870959826745E-12
9.606537787477382E-12
1.1193890259164618E-10
1.1567635738174431E-11
7.996447948244167E-11
6.824052434240002E-11
1.0105338787980145E-10
1.3086776107229856E-10
1.1212364370294381E-11
1.318056774835052E-10
2.967226464534181E-11
1.5347723092418164E-10
1.5026868638301494E-13
1.9231838344069274E-13
3.697042672001771E-14
1.8537948953678551E-13
3.153310945691601E-13
3.518019209280965E-13
2.727262859991697E-13
1.337263633161001E-13
8.31279489688086E-14
1.2886913758336505E-13
2.638671503518708E-10
1.6061107999121305E-10
4.1961811803048477E-10
1.4495071809506044E-10
2.0338575268397108E-10
7.94102561485488E-11
3.566356099327095E-10
8.753886504564434E-11
2.1375967662606854E-10
3.7687186704715714E-10
3.368541001691483E-10
2.8478552849264815E-11
5.728679752792232E-10
3.168452167301968E-10
5.367155608837493E-10
3.4083313948951074E-10
2.731326276261825E-10
6.506297722808085E-10
1.5756995708215982E-10
2.814886101987213E-10
7.493099474231713E-10
9.208633855450898E-11
1.2161081031081267E-9
6.052687240298837E-10
1.0827534424615183E-9
5.478568709804693E-10
3.5390712582739235E-10
1.2329337550909258E-9
6.203890734468587E-10
8.234337656185136E-10
5.04996933159425E-10
4.127286956645548E-9
2.7764599508373133E-9
1.5022578736538577E-9
4.1177372622769326E-10
6.559730536537245E-10
1.308080754824914E-9
6.752998160663992E-11
2.0886545826215305E-9
1.5279510989785194E-9
2.850356395356357E-9
5.1022652769461274E-9
7.532435120083392E-9
4.546109266818758E-9
3.901277523254976E-9
1.0786607163027458E-9
1.0413714335300028E-10
2.010438038269058E-9
2.2314452507998794E-9
6.207301339600235E-10
6.145455699879676E-9
8.148163033197322E-9
6.657501216977835E-10
1.9826984498649836E-10
1.3009412214214176E-8
5.038600647822022E-10
3.765308065339923E-9
5.543370207305998E-9
1.4397301129066513E-9
1.289299689233303E-8
1.7214915715157986E-8
7.91078491602093E-9
1.1854353942908347E-8
1.0080839274451137E-8
1.2543750926852226E-8
1.4551915228366852E-9
2.328488335479051E-8
9.851646609604359E-9
1.1088559404015541E-8
2.013257471844554E-8
1.837179297581315E-9
3.077730070799589E-8
1.259468263015151E-8
1.0986695997433914E-9
2.4097971618175507E-8
2.971501089632511E-8
1.595253706909716E-8
1.6665580915287137E-8
3.267996362410486E-8
1.8189894036000666E-9
2.73939804174006E-8
5.653419066220522E-9
1.9063008949160576E-9
7.602648111060262E-8
3.891182132065296E-8
1.1226802598685026E-7
4.064349923282862E-8
1.2219243217261E-7
3.5921402741223574E-8
9.393261281645526E-9
4.100729711353779E-8
1.752923708409071E-7
6.653135642409325E-8
6.827758625149727E-8
2.4243490770459175E-8
1.6653211787343025E-7
6.513437256217003E-8
7.118796929717064E-8
2.5640474632382393E-8
9.672658052992046E-8
9.275913370743183E-14
5.306310946195936E-13
6.872280522429719E-14
5.076494780098528E-13
2.733924198139448E-13
2.4408253196384067E-13
2.450817326860033E-13
5.39346345362901E-13
2.1510571102112408E-13
5.814793091474257E-13
1.658045221120119E-7
2.517190296202898E-7
2.767774276435375E-7
5.1048118621110916E-8
7.508788257837296E-9
2.130400389432907E-8
2.7767964638769627E-7
1.5107798390090466E-7
3.2992102205753326E-7
1.2657255865633488E-7
2.8102658689022064E-7
3.0221417546315646E-7
3.0675437301831004E-8
4.256144165992737E-7
1.1886004358530045E-7
4.150206223130226E-8
2.7299392968470424E-8
6.559421308338642E-7
1.1699739843606949E-8
3.327149897813797E-7
7.80448317527771E-7
7.452908903360367E-7
1.4819670468568802E-7
1.2504169717431068E-6
1.5256227925419807E-6
1.516658813205396E-6
7.234048098325729E-7
3.026798367500305E-8
8.731149137020111E-8
5.906913429498672E-7
2.032611519098282E-6
1.4458782970905304E-6
2.039829269051552E-6
2.078013495498965E-6
6.239861249923706E-8
3.564637154340744E-7
1.1385418479115117E-6
5.539041012525558E-7
1.1101365090526727E-6
1.7648562788963318E-7
1.2968666851520538E-6
2.3706816136837006E-6
2.021901309490204E-6
4.178844392299652E-6
2.013053745031357E-6
2.3799948394298553E-6
4.897359758643249E-6
1.6437843441963196E-7
3.662891685962677E-6
9.016133844852448E-6
8.847564515690465E-6
4.791654646396637E-6
4.95370477437973E-6
5.834735958387682E-6
6.48200511932373E-7
3.2652169466018677E-6
6.332062213232348E-6
4.789792001247406E-6
5.017034709453583E-6
6.045214831829071E-6
1.198984682559967E-5
9.046867489814758E-6
2.1032989025115967E-5
8.52532684803009E-6
2.0170584321022034E-5
2.2541731595993042E-5
1.7005950212478638E-6
1.9885599613189697E-5
9.506940841674805E-6
1.0486692190170288E-6
1.13658607006073E-5
1.2241304148119525E-5
3.627687692642212E-5
1.8890947103500366E-5
2.987682819366455E-6
2.6308000087738037E-5
5.301088094711304E-6
9.65222716331482E-6
1.6070902347564697E-5
1.699104905128479E-5
1.749396324157715E-5
9.018182754516602E-5
5.218386661454133E-5
4.233419940646854E-5
5.4776668548583984E-5
3.626197576522827E-5
6.110221150379402E-5
6.496906280517578E-6
5.0537288188934326E-5
8.03917646408081E-6
8.046627044677734E-6
8.143484592437744E-5
8.07642936706543E-5
2.1085143089294434E-5
1.0192394259433968E-4
6.5267086029052734E-6
1.714974642119671E-4
7.53253698348999E-5
1.9353628158569336E-4
3.1739473342895508E-6
1.053046538856961E-12
5.98965321785272E-13
5.753175713607561E-13
1.0902390101819047E-13
1.127986593019159E-13
6.559197629485425E-13
1.291411422243982E-12
1.2114753644709708E-12
4.949374243778948E-13
1.194488952194206E-12
8.225440979003906E-6
3.0100360163487494E-5
2.700686454772949E-4
3.986358642578125E-4
1.8829107284545898E-4
1.304149627685547E-4
3.3468008155068674E-5
7.092952728271484E-6
5.240142345428467E-4
8.434057349404611E-6
6.770491600036621E-4
1.531839370727539E-5
3.325939178466797E-5
6.526708602905273E-5
1.2934207916259766E-5
3.999471664428711E-5
2.9927492141723633E-4
7.18474417226389E-4
1.2993812561035156E-5
3.9583444595336914E-4
3.5750865936279297E-4
5.205869674682617E-4
0.0011404752749513136
5.608797073364258E-4
5.242824554443359E-4
2.396106719970703E-5
3.5798572935163975E-4
0.0010010004043579102
7.331371307373047E-4
5.509858019649982E-4
0.001028299331665039
0.001167774316854775
0.0018219947814941406
0.0020062923431396484
0.0014820098876953125
0.002124309539794922
0.001116037368774414
0.0010473728189026588
0.0026075849309563637
1.8668174743652344E-4
0.006528377532958984
1.5688035637140274E-4
3.7193484604358673E-4
3.7670135498046875E-4
0.004011631015600869
0.0029840469360351562
0.002439498930471018
0.005439281463623047
0.00446319580078125
0.0020990371704101562
5.006790161132812E-4
2.3746490478515625E-4
0.0074005126953125
7.305145263671875E-4
0.004426002502441406
0.0053119659423828125
0.008653640747070312
2.918243408203125E-4
7.133485196391121E-4
0.005896583199501038
0.01190185546875
6.141681224107742E-4
0.01707082986831665
0.0092926025390625
0.013898849487304688
3.39508056640625E-4
0.005397796630859375
0.00400543212890625
7.28607177734375E-4
0.001373291015625
3.688001015689224E-10
0.01837158203125
0.047710418701171875
0.024753570556640625
0.0011138916015625
0.0187225341796875
0.016468048095703125
0.01638031005859375
8.468532541883195E-10
1.766693458193913E-10
0.096649169921875
0.011505424976348877
0.08799934387207031
0.002311713993549347
0.02486419677734375
0.00829315185546875
0.01970672607421875
0.002044677734375
0.017608642578125
0.007720947265625
0.1298980712890625
0.0774993896484375
0.1763763427734375
0.007843047380447388
0.115325927734375
0.0873565673828125
0.0968780517578125
0.0435638427734375
0.00396728515625
0.0828704833984375
1.5918377727075494E-12
1.0909051439966788E-12
1.1257661469699087E-12
3.5014213750628187E-12
6.927791673660977E-14
1.1859402349045922E-12
1.1386447340555605E-12
1.113553693699032E-12
7.782663402622347E-13
5.138112157965224E-13
0.452301025390625
0.012969985604286194
0.02081298828125
0.173614501953125
0.382232666015625
0.02056884765625
0.031341552734375
0.2008514404296875
0.1983966827392578
0.0361328125
0.4385986328125
0.24456787109375
0.4652099609375
0.3433837890625
0.5106201171875
0.7364501953125
0.05035400390625
0.46630859375
0.0419921875
0.29449462890625
0.754150390625
0.405517578125
0.282958984375
0.71630859375
0.0675048828125
1.2021484375
0.369873046875
0.1221923828125
1.2547607421875
0.0135498046875
0.6923828125
0.180419921875
0.2001953125
0.384765625
3.43896484375
2.56640625
2.6962890625
2.0507888793945312
1.358642578125
1.396484375
1.11962890625
0.3369178771972656
0.88330078125
5.99755859375
2.021484375
3.59130859375
5.1865234375
3.6552734375
3.18505859375
2.3720703125
1.6904296875
1.7607421875
4.7607421875
5.6435546875
0.4629058837890625
5.017578125
4.3095703125
17.23046875
1.1904296875
0.8662109375
4.36328125
0.3876953125
24.703125
1.53125
1.0693359375
0.501953125
0.599609375
20.13134765625
27.123046875
18.177734375
22.203125
34.109375
33.28125
49.140625
23.62109375
5.921875
22.3671875
10.6826171875
40.83984375
17.19140625
89.12890625
96.671875
18.6953125
61.3515625
1.7578125
49.1640625
17.609375
2.578125
33.984375
18.0
185.171875
66.171875
211.7421875
129.46875
80.15625
4.78125
76.78125
60.1875
39.5625
135.65625
2.2009061240169103E-12
3.0895286329268856E-12
1.3691270339677495E-12
5.2233772862564365E-12
4.376499163072367E-12
4.347633364432113E-13
1.9051427102567686E-13
5.893951993130034E-12
2.138733634637902E-12
3.290701044988964E-13
263.09375
22.0625
137.6875
404.1875
326.8125
22.71875
160.84375
8.5625
72.40625
217.78125
340.0625
48.8125
332.5625
18.0
465.625
369.25
147.25
49.75
58.9375
15.53125
3.1468161409975437E-12
5.770495192791714E-12
5.4365401069844665E-12
2.915889751875511E-12
5.872635711057228E-12
5.799805080641818E-13
4.432898492723325E-12
1.0037304321031115E-11
3.839595308363641E-12
1.0419221041502169E-11
2.1939783323432493E-11
1.553601691739459E-11
3.083755473198835E-12
1.77280412572145E-12
9.089617947211082E-12
1.588773557159584E-11
2.4714452706575685E-11
5.968558980384971E-13
1.162803187071404E-11
1.3695711231775931E-11
2.9238833576528123E-12
1.723066134218243E-11
1.8225421172247397E-11
2.3156587758421665E-11
1.674393956818676E-11
2.319566760888847E-11
1.573852159708622E-11
1.9145574015056106E-11
4.938272013532696E-12
3.430855599617644E-11
8.689937658346025E-12
8.880363111529732E-11
1.7763568394002505E-12
2.0591528482327703E-11
3.8937741919653497E-11
6.447464784287149E-11
3.82982534574694E-11
7.0549788233622E-11
1.9468870959826745E-12
9.606537787477382E-12
1.1193890259164618E-10
1.1567635738174431E-11
7.996447948244167E-11
6.824052434240002E-11
1.0105338787980145E-10
1.3086776107229856E-10
1.1212364370294381E-11
1.318056774835052E-10
2.967226464534181E-11
1.5347723092418164E-10
