2.847722058163527E-14
2.1471713296250527E-13
3.6234903966203547E-13
2.481348460037225E-14
1.3258838471585932E-13
7.793765632868599E-14
2.1316282072803006E-14
1.2706502516834917E-13
3.498867862106181E-13
1.3067324999838092E-13
2.618207872728817E-10
4.8260062612826005E-11
1.2454393072403036E-10
9.52695700107407E-11
2.034994395216927E-11
2.3223378775583114E-10
3.558682237781018E-10
1.8337686924496666E-10
1.8948753677250352E-10
2.345927896385547E-10
3.9960923459148034E-10
9.720224625203464E-11
5.006199899071362E-10
3.8033931559766643E-10
1.674607119639404E-10
5.7127635955112055E-11
2.623892214614931E-10
3.168452167301439E-10
1.1687006917787422E-10
3.1144509193857887E-10
6.785967343603261E-10
6.361915438901633E-10
5.542233338928781E-10
6.072014002711512E-10
5.568381311604753E-10
1.7780621419660747E-10
1.0758185453597584E-9
8.004690243978985E-10
8.162714948412031E-11
1.3061480785837524E-9
1.0497842595214024E-9
1.437456376152113E-9
3.834429662674669E-9
4.799858288606629E-10
2.643901098053909E-9
1.0732037480920553E-9
1.3699263945454732E-9
1.1232259566895664E-10
1.453372533433146E-9
1.5047589840833362E-9
2.159595169359818E-9
2.1782398107461631E-10
2.0177139958832413E-9
3.2405296224169433E-9
1.4961187844167316E-10
6.0585989558603615E-9
3.406057658139616E-10
3.8553480408323835E-9
1.4142642612569034E-9
4.2791725718416274E-10
5.376023182179779E-9
1.519765646662563E-9
5.360561772249639E-9
7.845301297493279E-9
2.562046574894339E-9
7.213202479761094E-9
2.1100277081131935E-10
8.185452315957413E-10
2.3737811716273427E-9
9.046743798535317E-9
1.2805685400967065E-9
8.916686056188565E-9
2.879460225813091E-9
1.9359504221938603E-8
1.3904355000704527E-8
1.5797922969795763E-8
2.3774191504344344E-9
1.4779288903810084E-8
1.902117219287902E-8
1.2518285075202584E-8
4.7304638428613544E-8
2.8612703317776322E-8
5.4165866458842724E-8
4.827234079129994E-8
3.3011019695983884E-8
1.9634171621873975E-8
4.194225766696036E-8
3.5834091249853373E-9
1.0546500561758876E-8
2.754313754849136E-8
4.946195986121893E-8
3.1366653274751525E-8
1.1745578376923249E-7
9.530049283144187E-8
9.364157449454069E-9
1.6792910173535347E-8
1.9397702999413013E-8
2.3792381398379803E-9
8.522329153666519E-8
8.177448762580752E-8
1.3606040738523006E-7
1.5445402823388577E-7
6.03613443672657E-8
2.4102337192744017E-7
2.556771505624056E-8
1.0302755981683731E-8
1.0519579518586397E-7
1.7145066522061825E-7
7.262860890480606E-8
4.336470738053322E-9
5.306310946195936E-13
1.2717604747081168E-13
7.338574192772285E-14
3.7031488986372096E-13
1.9473311851925246E-13
1.5520917884259688E-13
3.110289803487376E-13
4.817812815360867E-13
8.243405957841787E-13
7.855938122247608E-13
1.8646824173629284E-7
4.534376785159111E-8
5.31144905904779E-8
2.229644451290369E-7
1.8888385966420174E-8
1.882435753941536E-7
9.781797416508198E-8
1.4132820069800728E-7
1.5739351511001587E-7
2.114684320986271E-7
1.798616722269511E-8
5.67873939871788E-7
3.5070115711466343E-7
6.088521331548691E-7
2.6944326236844063E-7
7.653143256902695E-7
1.7654383555098033E-7
3.4278491511940956E-7
6.441259756684303E-7
1.7724232748150826E-7
7.42846168577671E-7
1.063337549678245E-6
3.585591912616537E-8
1.708976924419403E-7
1.21421180665493E-7
1.0523945093154907E-6
5.019828679397875E-7
3.662426024675369E-7
2.668239176273346E-7
8.606584742665291E-7
1.2363307178020477E-7
1.7741695046424866E-7
1.2526288628578186E-6
8.12578946352005E-8
2.39349901676178E-7
1.0335352271795273E-6
1.1820811778306961E-6
1.150183379650116E-6
2.6402994990348816E-6
4.814937710762024E-7
2.0079314708987273E-6
2.0456500351428986E-6
6.686430424451828E-6
4.041939973831177E-6
1.6600825034629452E-6
2.2705644369125366E-6
1.496635377407074E-6
2.0209699869155884E-7
3.2088719308376312E-6
1.6652047634124756E-6
1.0191462934017181E-5
2.738088369369507E-7
3.026798368610528E-7
1.5106052160263062E-6
9.695068001747131E-7
7.906928658485413E-7
2.168118953704834E-6
8.50856304170089E-6
6.171874701976776E-6
4.5923516154289246E-6
2.7656557023192363E-5
3.948807716369629E-7
6.183981895446777E-6
1.783110201358795E-5
1.8248334527015686E-5
3.469735383987427E-4
5.170702934265137E-6
2.3379921913146973E-5
1.792311668395996E-4
3.471970558166504E-6
3.945082426071167E-6
1.9840896584355505E-5
2.119690179824829E-5
2.098083541568485E-5
7.189810276031494E-7
3.691762685775757E-6
1.7818063497543335E-5
1.4204531908035278E-5
9.94652509689331E-7
6.56768702356203E-6
2.1502375602722168E-5
9.750575009093154E-5
6.286054849624634E-5
4.094094128959114E-5
2.06679105758667E-5
9.112805128097534E-5
3.357976675033569E-5
1.0378660590504296E-5
5.267560709398822E-6
2.6673078536987305E-5
1.8477440335118445E-5
1.366734504699707E-4
8.153915405273438E-5
1.4325976371765137E-4
1.1138617992401123E-4
3.8057565689086914E-5
3.978610042310038E-6
1.2129545211791992E-5
2.6538968086242676E-5
1.293569803237915E-4
1.091793322416379E-12
1.475486399726833E-13
4.027889133340072E-13
1.0219602941674566E-12
2.020605904817785E-13
2.688960165642129E-13
7.618350394977824E-13
6.639133687258436E-13
5.917488721252084E-13
6.239453398393384E-13
1.6123056411743164E-4
8.815526962280273E-5
7.62939453125E-6
1.6063451766967773E-5
1.7657879016041989E-4
4.598498344421387E-5
1.773238182067871E-5
8.609890937805176E-5
1.2910366069718293E-4
5.218386650085449E-5
1.233816146850586E-5
3.0177831649780273E-4
6.598234176635742E-5
1.5318395162466913E-4
3.0153989791870117E-4
4.065037937834859E-4
1.0508298873901367E-4
1.9979476928710938E-4
4.3511390686035156E-5
8.066892660281155E-4
0.0014297964535217034
9.129047393798828E-4
1.0085105895996094E-4
5.370381113607436E-4
0.0013773441314697266
0.0010052919387817383
8.523464202880859E-4
0.0013172626495361328
1.1181831541762222E-4
5.841255187988281E-4
6.508827209472656E-5
0.0010471343994140625
0.002966165542602539
0.002288341522216797
4.2724609375E-4
0.00203561969101429
0.0021829605102539062
6.148815155029297E-4
4.2700767517089844E-4
0.0015566349029541016
9.965896606445312E-5
0.0025000572204589844
0.0063495635986328125
0.002472400665283203
0.0011916160583496094
2.3508165031671524E-4
2.0837783813476562E-4
0.0015692710876464844
0.002688885200768709
0.0035614967346191406
0.008559226989746094
0.0012531280517578125
0.010418891906738281
0.007298529148101807
0.004611968994140625
3.528594970703125E-4
0.0052947998046875
0.0017576217651367188
0.0028705597069347277
0.009058982133865356
0.00820547342300415
6.504058837890625E-4
0.0015603303909301758
0.004840850830078125
0.008520126342773438
0.005613446235656738
0.009595870971679688
0.00534820556640625
0.013351619243621826
0.021884918212890625
0.0362091064453125
0.0049896240234375
0.0124053955078125
0.00997161865234375
0.06351852416992188
0.00470733642578125
0.02283477783203125
0.001430511474609375
0.016414642333984375
0.022449493408203125
0.1134185791015625
0.033593177795410156
0.005126953125
0.0029144287109375
9.3841552734375E-4
0.1129150390625
0.09795379638671875
0.00363922119140625
0.0160980224609375
0.0494842529296875
0.08229827880859375
0.0665435791015625
0.0666656494140625
0.0129852294921875
0.072784423828125
0.0229644775390625
0.011505126953125
0.0969085693359375
0.2210693359375
0.15380859375
2.2317703241014897E-12
8.25783885716193E-13
1.121103210266483E-12
1.5207834991315402E-12
1.9206858326015208E-13
1.8096635301390052E-13
2.8825830611367564E-12
1.1191048088221578E-12
3.375077994860496E-14
4.419353771822898E-12
0.10888671875
0.14996337890625
0.290130615234375
0.07867431640625
0.2624855041503906
0.178497314453125
0.216796875
0.00701904296875
0.163787841796875
0.157867431640625
0.3232426643371582
0.01660919189453125
0.34307861328125
0.06536865234375
0.04473876953125
0.01922607421875
0.54400634765625
0.07269287109375
0.7291259765625
0.010986328125
0.7889404296875
1.34326171875
0.3409423828125
0.8465576171875
0.2833251953125
0.02197265625
0.133056640625
0.5429706573486328
0.067626953125
0.1373310089111328
0.0673828125
1.20263671875
1.37060546875
0.3818359375
0.26123046875
0.15771484375
1.06591796875
0.0615234375
0.07154083251953125
1.062255859375
4.96142578125
0.38037109375
1.27734375
0.23095703125
0.3623046875
0.13427734375
4.32666015625
0.765625
3.33935546875
2.830078125
4.4677734375
2.0
6.572265625
1.4296875
2.9658203125
6.80078125
6.7998046875
4.5400390625
4.248046875
2.9453125
14.7919921875
29.80718994140625
6.11328125
17.458984375
1.6171875
19.21484375
8.74609375
41.380859375
22.49609375
9.498046875
2.6015625
18.1015625
2.0078125
8.9765625
1.23046875
8.6796875
32.933837890625
17.6484375
2.89453125
19.76171875
65.7109375
33.2421875
52.109375
4.6962890625
6.6015625
36.1015625
51.53125
146.25
39.3984375
69.5625
134.96875
12.6875
12.5859375
13.765625
50.109375
11.95703125
133.26953125
82.640625
12.453125
209.90625
4.976907774789652E-12
1.9326762412674725E-12
5.570655048359192E-12
1.896705015269619E-12
2.3359092438113294E-12
5.713207684721062E-12
2.701838752727781E-12
1.468158927764307E-12
2.3607782395629345E-12
2.9980462556977727E-12
150.1875
182.0625
260.3125
8.71875
379.84375
3.46875
92.8125
79.4375
22.8125
158.25
306.28125
533.25
356.9375
694.53125
33.125
52.6875
553.3125
211.8125
321.0
17.6875
4.4586556668946545E-12
4.38404867963987E-12
6.141753772226366E-12
9.547918011776346E-13
7.952749569994921E-12
5.431211036466266E-12
1.4578560580957856E-11
1.3962164757685969E-12
2.268407683914123E-12
4.9258375156568945E-12
2.382272157319676E-11
4.586553359331447E-12
1.1556977597138185E-11
6.18172180111313E-13
1.5120349416974932E-11
1.1239009722885385E-11
8.036238341446836E-12
1.6260770507869893E-11
1.3521628261514707E-11
4.657607632907457E-12
3.097966327914037E-11
9.88720216810182E-12
2.3522517267338323E-11
1.5070611425471725E-11
3.7406522324090474E-11
4.028066769024008E-11
1.8449242134011E-11
1.2992273923373485E-11
4.497735517361434E-12
1.801225835151854E-11
7.673861546209088E-12
6.708944511046866E-11
4.2632564145607045E-12
8.533618256478803E-12
6.920686246303376E-11
6.799893981224159E-12
5.125144753037768E-11
1.0914646964010899E-10
4.8039794364740374E-11
5.2864379540551454E-11
3.6777692002942786E-11
1.0963674412778346E-10
8.08597633294994E-12
1.4850343177386094E-11
9.170264547719853E-11
4.376943252282217E-12
6.799893981224159E-11
1.900275492516812E-10
2.8308022592684046E-11
1.9615242763393326E-10
