1.4893641875346475E-13
1.3702927681435995E-13
1.3325451853063441E-13
3.6032288264209456E-13
1.401379012833104E-13
2.7872149033214555E-13
1.7655321649101552E-13
4.414801857421935E-13
1.842137553609291E-13
7.061018436615996E-14
4.3374370761739887E-10
2.627871253935419E-10
1.4208012544258963E-10
5.67297320230864E-11
2.0122570276726037E-11
1.4773604561924003E-10
1.822968442866113E-10
2.517026587156579E-10
4.689582056017985E-11
1.8877699403674342E-10
2.33910668612225E-10
1.5415935195051134E-10
2.4652990759932436E-10
6.619416126341358E-10
4.922640073345974E-10
4.526441443886142E-10
3.9477754398841754E-10
2.7785063139173546E-10
3.7698555388487875E-10
3.867057785100769E-10
1.0438725439598784E-9
6.147047315607779E-10
1.0736584954429418E-9
2.7591795515046964E-10
8.136566975736059E-10
1.0472831490915269E-9
1.8377477317699231E-9
1.1089014151366428E-9
5.876472641830333E-10
1.0143139661522582E-9
8.27867552290502E-10
1.918351699714549E-9
1.0616076906444505E-9
1.1625616025412455E-9
1.740090738167055E-9
1.0327312338631666E-9
2.0218067220412195E-9
1.581383912707679E-9
1.1682459444273263E-9
2.7225723897572607E-9
3.353761712787673E-9
2.5820554583333433E-9
2.0463630789890885E-10
2.115484676323831E-9
3.3928699849639088E-9
8.917595550883561E-10
5.952642823103815E-9
1.2760210665874448E-9
2.1127561922185123E-9
2.3442225938197225E-9
9.731593308970332E-9
1.1666998034343123E-8
2.3010215954855084E-10
7.912603905424476E-10
4.393768904265016E-9
4.839421308133751E-9
2.5556801119819283E-10
6.12180883763358E-9
8.012648322890548E-10
1.849912223406136E-9
5.247784429229796E-9
1.3626049621962011E-8
1.1483280104584992E-8
3.6325218388810754E-9
1.1674273991957307E-8
8.325514500029385E-9
6.984919309616089E-9
2.1453161025636672E-8
5.729816621169448E-10
4.3164618546143174E-9
1.866646925918758E-8
7.377821020781994E-9
1.8364517018198967E-8
2.2671883925795555E-8
4.427420208241457E-8
2.091837814164471E-8
3.5408447729425336E-8
1.5978002921180484E-8
1.494845491833985E-8
5.0342350732535124E-8
7.443304639309645E-9
9.800714906305075E-9
9.531504474580288E-10
1.5279510989785194E-9
8.200004231185483E-8
4.0345184970647097E-8
3.301829565359807E-8
1.2223608791834932E-8
2.593878889456476E-8
6.493792170658708E-8
4.048342816531658E-8
7.549533620476723E-8
1.1801603250205517E-8
1.1394149623811245E-8
2.9103830457004754E-9
2.8900103643563673E-8
1.1436350177973509E-7
1.079024514183402E-7
1.0841176845133305E-7
8.080678526312113E-8
1.3555823130673161E-13
1.3428147482841268E-13
4.963252031586762E-13
2.713940183696195E-13
2.989275493803234E-13
3.0397906414236786E-13
8.504308368628702E-14
8.226752612472411E-14
2.278177646530821E-13
1.3744561044859438E-13
5.849869921803488E-9
1.5061232261533164E-7
2.1763844415545464E-7
2.00001522898674E-7
8.207280188798904E-9
2.6443740352988243E-7
3.250024747658564E-7
1.1292286217212677E-8
3.107707016170025E-7
2.530287019908428E-7
2.96218786389503E-7
1.1343508958816528E-6
1.3300450518727303E-7
4.493049345910549E-7
5.063484423001308E-7
1.658918336033821E-8
1.0646181181073189E-7
8.905772119760513E-9
2.5139888748526573E-7
7.45698343962431E-7
2.9348302632570267E-7
2.587912604212761E-7
1.1265510693192482E-6
8.404022091568208E-7
9.794021025300026E-7
1.4831312000751495E-7
2.828892320394516E-8
3.7474092096090317E-7
5.672918632626534E-7
2.0873267203569412E-7
5.5180862552905996E-8
8.544884622097015E-8
1.9741710275411606E-6
1.6808044165372849E-6
2.975575625896454E-7
1.7993152141579719E-6
1.0416843014837696E-6
1.975102350115776E-6
7.03614205121994E-7
1.0060612112283707E-6
4.5867637155083685E-7
1.7648562788963318E-7
2.2896565497199095E-6
2.014916390624677E-6
2.79303640127182E-6
1.1818483471870422E-6
1.5366822481155396E-7
3.4403055906295776E-6
3.902241587638855E-7
3.0067749321460724E-6
2.483837306499481E-6
1.0058283805847168E-6
4.990957677364349E-6
7.739290595054626E-6
4.9620866775512695E-6
1.4593824744224548E-6
6.5267086029052734E-6
2.8219074010849E-7
3.97954136133194E-6
6.365589797496796E-6
6.373971700668335E-6
1.6607344150987302E-5
8.648261541566171E-6
1.8868595361709595E-6
2.417340874671936E-5
7.577240467071533E-6
1.6165897250175476E-5
1.9818544387817383E-6
1.7285346984863281E-6
1.9663944840431213E-5
1.0244548889204452E-6
1.3407319841007848E-5
2.678483724594116E-6
2.8759241104125977E-6
1.0427087545394897E-5
3.333389759063721E-5
5.2131712436676025E-5
2.7839094400405884E-5
1.024454846287881E-6
5.2776187658309937E-5
1.0095536708831787E-5
1.169741153717041E-5
1.1086463928222656E-5
3.2708048820495605E-6
6.839632987976074E-5
2.7544796466827393E-5
3.905594348907471E-5
1.093745231628418E-5
7.264316082000732E-6
1.9043684005737305E-5
1.6067922115325928E-4
3.4868717193603516E-6
4.489719867706299E-5
1.099705696105957E-5
1.920759677886963E-5
7.697939872741699E-5
1.480579376220703E-4
1.2725591659545898E-5
1.4136731624603271E-4
6.982684135437012E-5
6.111777750561487E-13
2.8277380437202737E-13
6.556977183436175E-13
1.7263968032921184E-13
1.4623857680362562E-12
1.6209256159527285E-12
1.745492639315672E-12
2.7766677845875205E-13
4.2721381987576024E-13
8.913980664715382E-13
4.1866302490234375E-4
2.554655075073242E-4
1.87546016604756E-4
1.2856721878051758E-4
1.907646656036377E-4
2.2697449458064511E-4
3.731250762939453E-5
1.5941262245178223E-4
6.943941161807743E-5
1.4343857765197754E-4
4.5180320739746094E-5
1.1146068572998047E-4
2.652406692504883E-4
5.61833381652832E-4
1.1563301086425781E-5
4.500746726989746E-4
9.5367431640625E-5
2.5832653045654297E-4
1.4728307723999026E-4
2.8395652770996094E-4
6.090402603149414E-4
0.0016741752624511719
0.001072525978088379
9.083747863769531E-5
7.040500640869141E-4
8.749961853027344E-5
2.4437904357910156E-5
0.0010422468203614699
4.838705062866211E-4
4.0662288665771484E-4
0.002462148666381836
4.267692565917969E-4
0.001207355409860611
0.0010218657553195953
0.0019922256469726562
3.018379211425781E-4
4.76837158203125E-5
0.0013904571533203125
8.609294891357422E-4
2.143383026123047E-4
0.2158203125
0.002306941896677017
1.392364501953125E-4
6.103515625E-4
0.005475044250488281
6.4849853515625E-5
3.7432461977005005E-4
0.751953125
15.3447265625
0.841796875
0.0022125244140625
0.00467681884765625
0.011768341064453125
0.012376785278320312
0.0011148452758789062
0.008281707763671875
2.09808349609375E-4
6.952285766601562E-4
0.006687164306640625
0.008027076721191406
0.005317702889442444
0.011200189590454102
0.00823974609375
0.00146484375
0.016552090644836426
0.0082017183303833
0.0025806427001953125
0.013044357299804688
0.0010128021240234375
0.01744842529296875
0.001773834228515625
0.03313499689102173
0.035160066559910774
0.004497528076171875
0.036495208740234375
0.01917266845703125
0.018299102783203125
0.016384124755859375
0.01639556884765625
0.0430450439453125
0.01676177978515625
0.00676727294921875
0.03435516357421875
0.0601043701171875
0.016448974609375
0.001914985477924347
0.03466796875
0.10279083997011185
0.00197601318359375
0.00170135498046875
0.069305419921875
0.07720947265625
0.1953887939453125
0.02669525146484375
0.019683837890625007
0.0021209716796875
0.00732421875
0.0670928955078125
0.01519775390625
0.14471435546875
2.232880547126115E-12
1.0458300891968975E-13
3.4305891460917337E-13
1.198818821990244E-12
1.6417978088156815E-12
2.0679014056668166E-12
1.8125501100030306E-12
2.3236967905404526E-12
1.0740297540223764E-12
6.261657858885883E-13
0.14593505859375
0.3577880859375
0.134765625
0.2044677734375
0.47161865234375
0.28131103515625
0.17331314086914062
0.36517333984375
0.04669189453125
0.106781005859375
0.2635498046875
0.0672607421875
0.16119384765625
0.0146484375
0.009705066680908203
0.0716552734375
0.22509765625
0.29693603515625
0.40484619140625
0.27508544921875
0.244384765625
0.7061767578125
0.8363037109375
1.3232421875
1.41796875
1.1624755859375
1.333984375
1.6348876953125
1.6147480010986328
0.1156005859375
3.167236328125
0.6110916137695312
2.297607421875
0.38428497314453125
1.408935546875
2.181884765625
1.28173828125
0.1145172119140625
2.1987380981445312
0.421630859375
1.6914215087890625
0.110870361328125
2.6748046875
0.416015625
0.24072265625
0.1298828125
0.37646484375
6.09375
1.53173828125
5.90966796875
6.896484375
0.4765625
4.951171875
5.16796875
4.2861328125
5.1671142578125
3.50390625
4.443359375
0.240234375
1.734375
8.208984375
0.529296875
26.56451416015625
4.8046875
35.43994140625
33.15240478515625
2.12890625
4.42578125
10.033203125
3.8623046875
50.349853515625
19.42236328125
4.88671875
20.9140625
2.8203125
37.341796875
19.90234375
19.71484375
4.15625
1.125
2.8359375
80.53125
10.3525390625
38.7734375
53.71875
15.5390625
3.71875
41.296875
40.2109375
1.6289062500000036
139.4375
11.703125
81.3125
114.890625
140.21875
68.984375
7.3515625
170.875
35.90625
13.6875
2.8417268538305507E-12
3.4505731605349865E-13
4.732214620162267E-12
2.1791457527342573E-12
1.290079154614432E-12
5.413447468072263E-13
5.23936449781104E-12
2.062794379753541E-12
8.038014698286133E-14
2.4082957850168896E-12
15.34375
155.0
32.000000000000014
11.0
6.21875
35.1875
6.46875
7.75
73.90673828125
19.09375
93.25
258.875
150.75
79.8125
331.625
960.1875
859.3125
300.375
557.78125
371.625
5.704769989733904E-12
4.544808973605541E-12
7.721823180872889E-12
1.3447021274259896E-12
6.403766406037903E-12
7.025491299827991E-13
7.769784815536696E-12
4.699352018633366E-12
4.574118861455658E-12
7.460698725481052E-12
1.3853806990482553E-11
1.652011860642233E-11
8.65796323523682E-12
5.5138116294983774E-12
9.018563673635072E-12
1.383071435157035E-11
8.020251129892183E-12
3.2009950245992513E-12
1.4946266446713707E-11
1.4910739309925702E-11
1.822542117224657E-11
1.815081418499176E-11
9.826806035562186E-12
2.7320368189975852E-12
3.3359981443936704E-11
2.3661073100811336E-11
1.6076029396572474E-11
1.6143530956469476E-11
1.8253842881676974E-11
3.0055957722652238E-12
2.7014834813599016E-11
6.725997536705274E-11
3.33457705892215E-11
2.27018404075352E-11
3.2137847938429745E-11
9.698908343125368E-11
3.0254909688665066E-11
3.438316298343125E-11
4.936850928061176E-11
1.5518253349000588E-11
1.7848833522297025E-11
1.4429701877816115E-10
1.282813855141285E-10
2.377049668211839E-10
1.2568079910124652E-10
1.6630963273200905E-10
8.01776423031697E-11
1.3822898381476992E-10
1.9304025045130402E-10
1.7919887795876344E-11
