6.908362770730037E-14
4.3740011612669605E-13
3.8316572137375715E-13
1.3483658634072526E-13
5.56776846849516E-14
6.908362770730037E-14
3.594347042223944E-14
1.6273093983443232E-13
1.4316325902541394E-13
8.001932449985816E-14
2.0398260858200956E-10
7.977973837114405E-11
4.482103577174712E-11
6.338041202980095E-11
1.6194690033444203E-10
1.3503154150384944E-10
6.019718057359569E-11
1.020907802740112E-10
4.234834705130197E-11
1.6996182239381596E-11
4.424123289936688E-10
4.02962996304268E-10
2.7347368813934736E-10
3.2082425605040044E-10
9.799805411603302E-11
3.1582203519064933E-10
5.07498043589294E-10
7.526068657171023E-11
5.911715561524034E-11
3.3719516068231314E-10
2.2770336727263533E-9
3.1366198527393863E-10
4.1256953409174457E-10
1.101739144360181E-9
5.517222234630026E-10
1.7741967894835398E-9
6.036771083017811E-10
6.434675015043467E-10
9.197265171699913E-11
1.039552444126457E-9
4.1609382606111467E-10
1.2389591574901715E-9
3.4285676520084962E-9
2.4274413590319455E-9
1.0127223504241556E-9
1.6848389350343496E-10
3.864215614157729E-9
1.4701981854159385E-9
2.2441781766247004E-10
4.670255293603987E-10
1.3837961887475103E-9
1.621629053261131E-9
5.318725015968084E-9
9.138148016063496E-9
1.5825207810848951E-9
2.3223947209771723E-9
1.2878444977104664E-9
4.874891601502895E-10
2.3737811716273427E-10
2.909018803620711E-9
1.061016519088298E-8
8.620190783403814E-9
4.440153134055436E-9
1.2023519957438111E-9
7.339622243307663E-10
8.146344043780118E-9
4.727553459815681E-9
6.948539521545172E-10
3.969034878537059E-9
3.001332515850663E-9
1.5043042367324233E-9
3.9472070056987437E-10
1.2059899745509028E-9
2.0050720195285976E-8
1.4022589311935008E-8
1.1741576599915609E-8
9.933501132763922E-9
2.7412170311436057E-9
4.94765117764473E-10
1.0226358426748358E-8
1.6625563148409128E-9
2.6702764444061643E-9
4.806497599951255E-8
7.967173587530851E-10
5.314359441399574E-8
2.4352630134671926E-8
1.2230884749442339E-8
5.504261935129762E-9
4.037065082229674E-8
1.6789272194728255E-8
1.3045792002230883E-8
3.7558493204414845E-8
1.96669134311378E-8
7.3559931483731245E-9
1.0187795851379633E-7
7.763446774333715E-9
3.506283974274993E-8
9.970972314476967E-8
2.015440259128809E-9
2.3501343093812466E-9
7.974449545145035E-9
8.60891304910183E-8
1.856969902291894E-7
7.785274647396494E-9
6.359186954796314E-8
2.3675966076552868E-8
6.5410858951509E-8
6.79137883707881E-8
7.36181391403079E-8
1.041044015472059E-7
2.4702462297909733E-13
8.501532811067138E-13
2.705058399499194E-13
5.085931675807842E-13
2.881583860414594E-13
4.157785227221211E-14
8.496536807456324E-13
4.0872860651575143E-13
1.3206102877916237E-13
4.1300296516055823E-14
8.265487849712372E-9
6.483169272542E-7
1.4202669262886047E-7
1.9022263589296706E-7
1.2863893061876297E-7
5.090259946882725E-8
4.685716703534126E-8
1.5567638911306858E-7
2.837623469531536E-8
3.0937371775507927E-7
1.0401709005236626E-7
1.4493707567453384E-8
1.146690919995308E-8
5.8964360505342484E-8
3.4284312278032303E-7
1.0128132998943329E-8
4.5908382162451744E-7
3.6385608837008476E-7
1.705484464764595E-8
7.262569852173328E-7
5.681067705154419E-7
8.370261642132171E-8
3.547174856066704E-7
4.901085048913956E-8
2.093147486448288E-7
1.528533175587654E-7
5.137408152222633E-7
1.2598466128110886E-6
5.371402949094772E-7
9.534414857625961E-8
1.1527445167303085E-6
4.568137228558311E-7
1.0584481060574302E-6
6.612390280463787E-8
3.03611159324646E-7
2.3515895009040833E-7
1.298496499657631E-6
1.8486753150612906E-7
1.8044374883174896E-7
5.3085386753082275E-8
3.125052899122238E-6
1.1129304766654968E-7
1.6400590538978577E-6
4.85684722661972E-7
8.535571467405134E-7
4.851724952459335E-6
2.232380211353302E-6
1.2861564755439758E-6
3.596767783164978E-6
4.753004759550095E-6
2.3283064365386963E-7
5.443580448627472E-6
5.756504833698273E-6
1.0821968317045738E-5
6.966292858123779E-6
6.2594190524123405E-6
2.9336661100387573E-7
2.127140760421753E-6
6.3814222954761135E-6
1.3122335076332092E-6
9.47713851928711E-6
1.5659257883271493E-5
4.298985004425049E-6
9.138137102127075E-6
9.655952453613281E-6
2.0831823348999023E-5
1.849047839641571E-5
8.108094335046445E-6
2.724491059780121E-5
1.0343268513679504E-5
1.2405216693878174E-6
2.346932888031006E-5
4.299730062484741E-5
1.885741949081421E-5
2.242624816517491E-6
3.5278499126434326E-6
1.697242259979248E-5
3.143772482872009E-5
9.495764970779419E-6
4.11272049127831E-6
3.6284327578073317E-6
6.626546382904053E-5
3.974139735873905E-5
1.2589246034622192E-4
4.9442052841186523E-5
7.644295692443848E-6
3.252178430557251E-5
1.2658536434173584E-4
6.480515003204346E-5
7.081031799316406E-5
1.3198587112128735E-8
6.844103336334229E-5
4.951655864715576E-5
3.1441450119018555E-6
1.1771917525038589E-4
4.273653030395508E-5
4.285175236873329E-8
3.1504896469431175E-9
1.7451384337618947E-8
6.570189725661844E-9
6.271649866107511E-13
5.374589662210383E-13
1.158961815406201E-12
4.617417559416026E-13
9.915401832927273E-13
5.853095785823825E-13
2.815525590449399E-13
5.209166431541234E-13
5.553335569175033E-13
1.102340441150318E-12
1.9019842147827148E-4
3.292262554168701E-4
4.5418739318847656E-5
2.669394016265869E-4
3.191232681274414E-4
5.271732807301532E-4
1.055002212524414E-4
8.955597877502441E-5
1.2961030006408691E-4
6.8247318267822266E-6
1.603364989932743E-5
1.633167266845703E-5
3.820061683654785E-4
7.736682891845703E-5
5.669593811035156E-4
7.665157318115234E-5
1.7201912123709917E-4
2.728700637817383E-4
1.0854005813598633E-4
1.7374753952026367E-4
2.942085266113281E-4
0.0010029077529907227
5.794763565063477E-4
4.918575286865234E-4
3.026723861694336E-4
2.747774124145508E-4
0.001021742820739746
5.553960800170898E-4
7.548332214355469E-4
1.3136956840753555E-4
0.0011093616485595703
0.002213001251220703
6.108283996582031E-4
0.0021059513092041016
3.147125244140625E-4
4.315376281738281E-5
3.008842468261719E-4
2.8848659712821245E-4
6.926059722900391E-4
0.0012831687927246094
0.0010762214660644531
0.0016851462714839727
6.585121191164944E-4
0.002090930938720703
0.0012121200561523438
0.004360198974609375
0.0021905899047851562
1.316070556640625E-4
0.0033836383372545242
0.00231170654296875
0.0030879974365234375
0.007080078125
0.0061321258544921875
7.076412584865466E-4
2.889670431613922E-4
2.346038818359375E-4
0.0011196136474609375
0.0027666091918945312
0.010979682207107544
0.005321502685546875
0.0059680938720703125
0.0063343048095703125
0.009128570556640625
5.397796630859375E-4
0.0052585601806640625
3.566741943359375E-4
0.0029087066650390625
0.00861549424007535
0.009277582168579102
0.0010700225830078125
0.008758544921875
0.033313870429992676
0.011936187744140625
0.021381378173828125
0.0153656005859375
0.002017978811636567
0.01859283447265625
0.01857757568359375
0.0049591064453125
0.029052734375
0.007843017578125
0.0523529127240181
0.073699951171875
0.006408698856830597
0.00634765625
0.00678253173828125
0.00725555419921875
0.00975799560546875
0.03704833984375
0.00760650634765625
0.0716400146484375
0.2110443115234375
0.1629638671875
0.004425048828125
0.0745849609375
0.089874267578125
0.0031890869140625
0.3018646240234375
0.097442626953125
0.16064453125
1.4832579608992091E-12
3.057110120607831E-12
2.113864638886298E-13
1.148858785882112E-12
1.9240165016753963E-12
1.8030021919912542E-13
1.191491350027718E-12
2.2426505097428162E-13
1.858735387827437E-12
9.867662242868391E-13
0.326934814453125
0.33642578125
0.038177490234375
0.03152477741241455
0.0380859375
0.2886660099029541
0.2868652492761612
0.27978515625
0.270263671875
0.2567138671875
0.74761962890625
0.33056640625
0.282470703125
0.8889164924621582
0.07470703125
0.0516357421875
0.025757312774658203
0.0284423828125
0.7685546875
0.1109619140625
0.04541015625
0.337158203125
0.02490234375
0.9052734375
0.8154296875
1.3756103515625
0.0396728515625
0.4097900390625
0.5206298828125
0.07861328125
1.219970703125
0.57958984375
2.174560546875
1.702392578125
3.819580078125
1.21875
1.379150390625
0.171142578125
2.365234375
0.153564453125
2.69384765625
4.482421875
0.33349609375
2.462432861328125
2.28369140625
2.10546875
0.66015625
1.47802734375
2.46533203125
0.275390625
5.224609375
8.9111328125
13.0185546875
7.333984375
8.4140625
10.6904296875
3.2607421875
1.005859375
4.796875
1.1923828125
1.572265625
17.759765625
3.02734375
11.9931640625
10.173828125
23.267578125
19.53515625
15.076171875
26.337890625
10.4951171875
0.775390625
1.4609375
4.0400390625
5.50390625
13.62109375
7.0157470703125
35.0859375
26.33251953125
38.1171875
32.316650390625
57.4921875
22.298828125
3.4609375
18.9453125
4.625
4.7890625
83.734375
9.28125
38.0234375
19.8828125
12.6875
162.46875
72.15625
84.828125
110.92578125
23.5
37.0625
67.078125
99.4375
9.953125
2.2715163083830735E-12
4.276579090856103E-13
5.425881965948065E-12
2.4016344468691386E-12
2.958078226811267E-12
2.0552448631860898E-12
4.249933738265099E-13
6.257216966787447E-13
4.050981772252271E-12
2.403410803708539E-12
200.15625
118.09375
150.90625
297.234375
22.3125
10.96875
66.3125
199.3125
7.03125
141.625
562.375
651.25
366.8125
131.75
305.375
13.625
17.0625
210.875
14.1875
430.0
2.915001573455811E-12
2.9611868512802175E-12
1.6876278152722105E-11
1.3242740237728867E-12
8.382627925129782E-12
4.3085535139653075E-12
6.765255022855854E-12
6.502354210624617E-12
2.7418067816142866E-12
5.650591106132197E-12
1.6280310433103296E-11
1.453770437365165E-11
4.083844373781279E-12
1.5662138252992008E-11
1.5942802633617248E-11
1.1736389637917455E-11
1.2922996006636822E-11
8.126832540256159E-12
4.1531222905177856E-12
2.502886786714953E-12
1.7148948927570018E-11
1.4068746168049984E-11
3.0755842317375937E-11
7.325695605686633E-12
2.6268764941050904E-11
3.007016857736744E-11
1.9323209698995925E-11
8.86402062860725E-12
3.2009950245992513E-12
2.015809741351425E-11
3.389999392311438E-11
4.5574211071652826E-11
4.014566457044566E-11
3.866773568006465E-11
4.1858072563629156E-11
8.78941364135244E-12
3.537792281349539E-11
8.901679393602576E-11
1.6697754290362358E-12
1.8701484805205837E-11
1.6160583982127719E-10
2.495426087989472E-11
8.664358119858662E-11
2.6062707547683784E-11
1.0419398677186771E-10
1.2731504739349475E-10
1.4736656339664478E-11
1.2235545909788925E-10
7.824496606190223E-11
9.112000043387525E-11
6.908362770730037E-14
4.3740011612669605E-13
3.8316572137375715E-13
1.3483658634072526E-13
5.56776846849516E-14
6.908362770730037E-14
3.594347042223944E-14
1.6273093983443232E-13
1.4316325902541394E-13
8.001932449985816E-14
2.0398260858200956E-10
7.977973837114405E-11
4.482103577174712E-11
6.338041202980095E-11
1.6194690033444203E-10
1.3503154150384944E-10
6.019718057359569E-11
1.020907802740112E-10
4.234834705130197E-11
1.6996182239381596E-11
4.424123289936688E-10
4.02962996304268E-10
2.7347368813934736E-10
3.2082425605040044E-10
9.799805411603302E-11
3.1582203519064933E-10
5.07498043589294E-10
7.526068657171023E-11
5.911715561524034E-11
3.3719516068231314E-10
2.2770336727263533E-9
3.1366198527393863E-10
4.1256953409174457E-10
1.101739144360181E-9
5.517222234630026E-10
1.7741967894835398E-9
6.036771083017811E-10
6.434675015043467E-10
9.197265171699913E-11
1.039552444126457E-9
4.1609382606111467E-10
1.2389591574901715E-9
3.4285676520084962E-9
2.4274413590319455E-9
1.0127223504241556E-9
1.6848389350343496E-10
3.864215614157729E-9
1.4701981854159385E-9
2.2441781766247004E-10
4.670255293603987E-10
1.3837961887475103E-9
1.621629053261131E-9
5.318725015968084E-9
9.138148016063496E-9
1.5825207810848951E-9
2.3223947209771723E-9
1.2878444977104664E-9
4.874891601502895E-10
2.3737811716273427E-10
2.909018803620711E-9
1.061016519088298E-8
8.620190783403814E-9
4.440153134055436E-9
1.2023519957438111E-9
7.339622243307663E-10
8.146344043780118E-9
4.727553459815681E-9
6.948539521545172E-10
3.969034878537059E-9
3.001332515850663E-9
1.5043042367324233E-9
3.9472070056987437E-10
1.2059899745509028E-9
2.0050720195285976E-8
1.4022589311935008E-8
1.1741576599915609E-8
9.933501132763922E-9
2.7412170311436057E-9
4.94765117764473E-10
1.0226358426748358E-8
1.6625563148409128E-9
2.6702764444061643E-9
4.806497599951255E-8
7.967173587530851E-10
5.314359441399574E-8
2.4352630134671926E-8
1.2230884749442339E-8
5.504261935129762E-9
4.037065082229674E-8
1.6789272194728255E-8
1.3045792002230883E-8
3.7558493204414845E-8
1.96669134311378E-8
7.3559931483731245E-9
1.0187795851379633E-7
7.763446774333715E-9
3.506283974274993E-8
9.970972314476967E-8
2.015440259128809E-9
2.3501343093812466E-9
7.974449545145035E-9
8.60891304910183E-8
1.856969902291894E-7
7.785274647396494E-9
6.359186954796314E-8
2.3675966076552868E-8
6.5410858951509E-8
6.79137883707881E-8
7.36181391403079E-8
1.041044015472059E-7
2.4702462297909733E-13
8.501532811067138E-13
2.705058399499194E-13
5.085931675807842E-13
2.881583860414594E-13
4.157785227221211E-14
8.496536807456324E-13
4.0872860651575143E-13
1.3206102877916237E-13
4.1300296516055823E-14
8.265487849712372E-9
6.483169272542E-7
1.4202669262886047E-7
1.9022263589296706E-7
1.2863893061876297E-7
5.090259946882725E-8
4.685716703534126E-8
1.5567638911306858E-7
2.837623469531536E-8
3.0937371775507927E-7
1.0401709005236626E-7
1.4493707567453384E-8
1.146690919995308E-8
5.8964360505342484E-8
3.4284312278032303E-7
1.0128132998943329E-8
4.5908382162451744E-7
3.6385608837008476E-7
1.705484464764595E-8
7.262569852173328E-7
5.681067705154419E-7
8.370261642132171E-8
3.547174856066704E-7
4.901085048913956E-8
2.093147486448288E-7
1.528533175587654E-7
5.137408152222633E-7
1.2598466128110886E-6
5.371402949094772E-7
9.534414857625961E-8
1.1527445167303085E-6
4.568137228558311E-7
1.0584481060574302E-6
6.612390280463787E-8
3.03611159324646E-7
2.3515895009040833E-7
1.298496499657631E-6
1.8486753150612906E-7
1.8044374883174896E-7
5.3085386753082275E-8
3.125052899122238E-6
1.1129304766654968E-7
1.6400590538978577E-6
4.85684722661972E-7
8.535571467405134E-7
4.851724952459335E-6
2.232380211353302E-6
1.2861564755439758E-6
3.596767783164978E-6
4.753004759550095E-6
2.3283064365386963E-7
5.443580448627472E-6
5.756504833698273E-6
1.0821968317045738E-5
6.966292858123779E-6
6.2594190524123405E-6
2.9336661100387573E-7
2.127140760421753E-6
6.3814222954761135E-6
1.3122335076332092E-6
9.47713851928711E-6
1.5659257883271493E-5
4.298985004425049E-6
9.138137102127075E-6
9.655952453613281E-6
2.0831823348999023E-5
1.849047839641571E-5
8.108094335046445E-6
2.724491059780121E-5
1.0343268513679504E-5
1.2405216693878174E-6
2.346932888031006E-5
4.299730062484741E-5
1.885741949081421E-5
2.242624816517491E-6
3.5278499126434326E-6
1.697242259979248E-5
3.143772482872009E-5
9.495764970779419E-6
4.11272049127831E-6
3.6284327578073317E-6
6.626546382904053E-5
3.974139735873905E-5
1.2589246034622192E-4
4.9442052841186523E-5
7.644295692443848E-6
3.252178430557251E-5
1.2658536434173584E-4
6.480515003204346E-5
7.081031799316406E-5
1.3198587112128735E-8
6.844103336334229E-5
4.951655864715576E-5
3.1441450119018555E-6
1.1771917525038589E-4
4.273653030395508E-5
4.285175236873329E-8
3.1504896469431175E-9
1.7451384337618947E-8
6.570189725661844E-9
6.271649866107511E-13
5.374589662210383E-13
1.158961815406201E-12
4.617417559416026E-13
9.915401832927273E-13
5.853095785823825E-13
2.815525590449399E-13
5.209166431541234E-13
5.553335569175033E-13
1.102340441150318E-12
1.9019842147827148E-4
3.292262554168701E-4
4.5418739318847656E-5
2.669394016265869E-4
3.191232681274414E-4
5.271732807301532E-4
1.055002212524414E-4
8.955597877502441E-5
1.2961030006408691E-4
6.8247318267822266E-6
1.603364989932743E-5
1.633167266845703E-5
3.820061683654785E-4
7.736682891845703E-5
5.669593811035156E-4
7.665157318115234E-5
1.7201912123709917E-4
2.728700637817383E-4
1.0854005813598633E-4
1.7374753952026367E-4
2.942085266113281E-4
0.0010029077529907227
5.794763565063477E-4
4.918575286865234E-4
3.026723861694336E-4
2.747774124145508E-4
0.001021742820739746
5.553960800170898E-4
7.548332214355469E-4
1.3136956840753555E-4
0.0011093616485595703
0.002213001251220703
6.108283996582031E-4
0.0021059513092041016
3.147125244140625E-4
4.315376281738281E-5
3.008842468261719E-4
2.8848659712821245E-4
6.926059722900391E-4
0.0012831687927246094
0.0010762214660644531
0.0016851462714839727
6.585121191164944E-4
0.002090930938720703
0.0012121200561523438
0.004360198974609375
0.0021905899047851562
1.316070556640625E-4
0.0033836383372545242
0.00231170654296875
0.0030879974365234375
0.007080078125
0.0061321258544921875
7.076412584865466E-4
2.889670431613922E-4
2.346038818359375E-4
0.0011196136474609375
0.0027666091918945312
0.010979682207107544
0.005321502685546875
0.0059680938720703125
0.0063343048095703125
0.009128570556640625
5.397796630859375E-4
0.0052585601806640625
3.566741943359375E-4
0.0029087066650390625
0.00861549424007535
0.009277582168579102
0.0010700225830078125
0.008758544921875
0.033313870429992676
0.011936187744140625
0.021381378173828125
0.0153656005859375
0.002017978811636567
0.01859283447265625
0.01857757568359375
0.0049591064453125
0.029052734375
0.007843017578125
0.0523529127240181
0.073699951171875
0.006408698856830597
0.00634765625
0.00678253173828125
0.00725555419921875
0.00975799560546875
0.03704833984375
0.00760650634765625
0.0716400146484375
0.2110443115234375
0.1629638671875
0.004425048828125
0.0745849609375
0.089874267578125
0.0031890869140625
0.3018646240234375
0.097442626953125
0.16064453125
1.4832579608992091E-12
3.057110120607831E-12
2.113864638886298E-13
1.148858785882112E-12
1.9240165016753963E-12
1.8030021919912542E-13
1.191491350027718E-12
2.2426505097428162E-13
1.858735387827437E-12
9.867662242868391E-13
0.326934814453125
0.33642578125
0.038177490234375
0.03152477741241455
0.0380859375
0.2886660099029541
0.2868652492761612
0.27978515625
0.270263671875
0.2567138671875
0.74761962890625
0.33056640625
0.282470703125
0.8889164924621582
0.07470703125
0.0516357421875
0.025757312774658203
0.0284423828125
0.7685546875
0.1109619140625
0.04541015625
0.337158203125
0.02490234375
0.9052734375
0.8154296875
1.3756103515625
0.0396728515625
0.4097900390625
0.5206298828125
0.07861328125
1.219970703125
0.57958984375
2.174560546875
1.702392578125
3.819580078125
1.21875
1.379150390625
0.171142578125
2.365234375
0.153564453125
2.69384765625
4.482421875
0.33349609375
2.462432861328125
2.28369140625
2.10546875
0.66015625
1.47802734375
2.46533203125
0.275390625
5.224609375
8.9111328125
13.0185546875
7.333984375
8.4140625
10.6904296875
3.2607421875
1.005859375
4.796875
1.1923828125
1.572265625
17.759765625
3.02734375
11.9931640625
10.173828125
23.267578125
19.53515625
15.076171875
26.337890625
10.4951171875
0.775390625
1.4609375
4.0400390625
5.50390625
13.62109375
7.0157470703125
35.0859375
26.33251953125
38.1171875
32.316650390625
57.4921875
22.298828125
3.4609375
18.9453125
4.625
4.7890625
83.734375
9.28125
38.0234375
19.8828125
12.6875
162.46875
72.15625
84.828125
110.92578125
23.5
37.0625
67.078125
99.4375
9.953125
2.2715163083830735E-12
4.276579090856103E-13
5.425881965948065E-12
2.4016344468691386E-12
2.958078226811267E-12
2.0552448631860898E-12
4.249933738265099E-13
6.257216966787447E-13
4.050981772252271E-12
2.403410803708539E-12
200.15625
118.09375
150.90625
297.234375
22.3125
10.96875
66.3125
199.3125
7.03125
141.625
562.375
651.25
366.8125
131.75
305.375
13.625
17.0625
210.875
14.1875
430.0
2.915001573455811E-12
2.9611868512802175E-12
1.6876278152722105E-11
1.3242740237728867E-12
8.382627925129782E-12
4.3085535139653075E-12
6.765255022855854E-12
6.502354210624617E-12
2.7418067816142866E-12
5.650591106132197E-12
1.6280310433103296E-11
1.453770437365165E-11
4.083844373781279E-12
1.5662138252992008E-11
1.5942802633617248E-11
1.1736389637917455E-11
1.2922996006636822E-11
8.126832540256159E-12
4.1531222905177856E-12
2.502886786714953E-12
1.7148948927570018E-11
1.4068746168049984E-11
3.0755842317375937E-11
7.325695605686633E-12
2.6268764941050904E-11
3.007016857736744E-11
1.9323209698995925E-11
8.86402062860725E-12
3.2009950245992513E-12
2.015809741351425E-11
3.389999392311438E-11
4.5574211071652826E-11
4.014566457044566E-11
3.866773568006465E-11
4.1858072563629156E-11
8.78941364135244E-12
3.537792281349539E-11
8.901679393602576E-11
1.6697754290362358E-12
1.8701484805205837E-11
1.6160583982127719E-10
2.495426087989472E-11
8.664358119858662E-11
2.6062707547683784E-11
1.0419398677186771E-10
1.2731504739349475E-10
1.4736656339664478E-11
1.2235545909788925E-10
7.824496606190223E-11
9.112000043387525E-11
6.908362770730037E-14
4.3740011612669605E-13
3.8316572137375715E-13
1.3483658634072526E-13
5.56776846849516E-14
6.908362770730037E-14
3.594347042223944E-14
1.6273093983443232E-13
1.4316325902541394E-13
8.001932449985816E-14
2.0398260858200956E-10
7.977973837114405E-11
4.482103577174712E-11
6.338041202980095E-11
1.6194690033444203E-10
1.3503154150384944E-10
6.019718057359569E-11
1.020907802740112E-10
4.234834705130197E-11
1.6996182239381596E-11
4.424123289936688E-10
4.02962996304268E-10
2.7347368813934736E-10
3.2082425605040044E-10
9.799805411603302E-11
3.1582203519064933E-10
5.07498043589294E-10
7.526068657171023E-11
5.911715561524034E-11
3.3719516068231314E-10
2.2770336727263533E-9
3.1366198527393863E-10
4.1256953409174457E-10
1.101739144360181E-9
5.517222234630026E-10
1.7741967894835398E-9
6.036771083017811E-10
6.434675015043467E-10
9.197265171699913E-11
1.039552444126457E-9
4.1609382606111467E-10
1.2389591574901715E-9
3.4285676520084962E-9
2.4274413590319455E-9
1.0127223504241556E-9
1.6848389350343496E-10
3.864215614157729E-9
1.4701981854159385E-9
2.2441781766247004E-10
4.670255293603987E-10
1.3837961887475103E-9
1.621629053261131E-9
5.318725015968084E-9
9.138148016063496E-9
1.5825207810848951E-9
2.3223947209771723E-9
1.2878444977104664E-9
4.874891601502895E-10
2.3737811716273427E-10
2.909018803620711E-9
1.061016519088298E-8
8.620190783403814E-9
4.440153134055436E-9
1.2023519957438111E-9
7.339622243307663E-10
8.146344043780118E-9
4.727553459815681E-9
6.948539521545172E-10
3.969034878537059E-9
3.001332515850663E-9
1.5043042367324233E-9
3.9472070056987437E-10
1.2059899745509028E-9
2.0050720195285976E-8
1.4022589311935008E-8
1.1741576599915609E-8
9.933501132763922E-9
2.7412170311436057E-9
4.94765117764473E-10
1.0226358426748358E-8
1.6625563148409128E-9
2.6702764444061643E-9
4.806497599951255E-8
7.967173587530851E-10
5.314359441399574E-8
2.4352630134671926E-8
1.2230884749442339E-8
5.504261935129762E-9
4.037065082229674E-8
1.6789272194728255E-8
1.3045792002230883E-8
3.7558493204414845E-8
1.96669134311378E-8
7.3559931483731245E-9
1.0187795851379633E-7
7.763446774333715E-9
3.506283974274993E-8
9.970972314476967E-8
2.015440259128809E-9
2.3501343093812466E-9
7.974449545145035E-9
8.60891304910183E-8
1.856969902291894E-7
7.785274647396494E-9
6.359186954796314E-8
2.3675966076552868E-8
6.5410858951509E-8
6.79137883707881E-8
7.36181391403079E-8
1.041044015472059E-7
2.4702462297909733E-13
8.501532811067138E-13
2.705058399499194E-13
5.085931675807842E-13
2.881583860414594E-13
4.157785227221211E-14
8.496536807456324E-13
4.0872860651575143E-13
1.3206102877916237E-13
4.1300296516055823E-14
8.265487849712372E-9
6.483169272542E-7
1.4202669262886047E-7
1.9022263589296706E-7
1.2863893061876297E-7
5.090259946882725E-8
4.685716703534126E-8
1.5567638911306858E-7
2.837623469531536E-8
3.0937371775507927E-7
1.0401709005236626E-7
1.4493707567453384E-8
1.146690919995308E-8
5.8964360505342484E-8
3.4284312278032303E-7
1.0128132998943329E-8
4.5908382162451744E-7
3.6385608837008476E-7
1.705484464764595E-8
7.262569852173328E-7
5.681067705154419E-7
8.370261642132171E-8
3.547174856066704E-7
4.901085048913956E-8
2.093147486448288E-7
1.528533175587654E-7
5.137408152222633E-7
1.2598466128110886E-6
5.371402949094772E-7
9.534414857625961E-8
1.1527445167303085E-6
4.568137228558311E-7
1.0584481060574302E-6
6.612390280463787E-8
3.03611159324646E-7
2.3515895009040833E-7
1.298496499657631E-6
1.8486753150612906E-7
1.8044374883174896E-7
5.3085386753082275E-8
3.125052899122238E-6
1.1129304766654968E-7
1.6400590538978577E-6
4.85684722661972E-7
8.535571467405134E-7
4.851724952459335E-6
2.232380211353302E-6
1.2861564755439758E-6
3.596767783164978E-6
4.753004759550095E-6
2.3283064365386963E-7
5.443580448627472E-6
5.756504833698273E-6
1.0821968317045738E-5
6.966292858123779E-6
6.2594190524123405E-6
2.9336661100387573E-7
2.127140760421753E-6
6.3814222954761135E-6
1.3122335076332092E-6
9.47713851928711E-6
1.5659257883271493E-5
4.298985004425049E-6
9.138137102127075E-6
9.655952453613281E-6
2.0831823348999023E-5
1.849047839641571E-5
8.108094335046445E-6
2.724491059780121E-5
1.0343268513679504E-5
1.2405216693878174E-6
2.346932888031006E-5
4.299730062484741E-5
1.885741949081421E-5
2.242624816517491E-6
3.5278499126434326E-6
1.697242259979248E-5
3.143772482872009E-5
9.495764970779419E-6
4.11272049127831E-6
3.6284327578073317E-6
6.626546382904053E-5
3.974139735873905E-5
1.2589246034622192E-4
4.9442052841186523E-5
7.644295692443848E-6
3.252178430557251E-5
1.2658536434173584E-4
6.480515003204346E-5
7.081031799316406E-5
1.3198587112128735E-8
6.844103336334229E-5
4.951655864715576E-5
3.1441450119018555E-6
1.1771917525038589E-4
4.273653030395508E-5
4.285175236873329E-8
3.1504896469431175E-9
1.7451384337618947E-8
6.570189725661844E-9
6.271649866107511E-13
5.374589662210383E-13
1.158961815406201E-12
4.617417559416026E-13
9.915401832927273E-13
5.853095785823825E-13
2.815525590449399E-13
5.209166431541234E-13
5.553335569175033E-13
1.102340441150318E-12
1.9019842147827148E-4
3.292262554168701E-4
4.5418739318847656E-5
2.669394016265869E-4
3.191232681274414E-4
5.271732807301532E-4
1.055002212524414E-4
8.955597877502441E-5
1.2961030006408691E-4
6.8247318267822266E-6
1.603364989932743E-5
1.633167266845703E-5
3.820061683654785E-4
7.736682891845703E-5
5.669593811035156E-4
7.665157318115234E-5
1.7201912123709917E-4
2.728700637817383E-4
1.0854005813598633E-4
1.7374753952026367E-4
2.942085266113281E-4
0.0010029077529907227
5.794763565063477E-4
4.918575286865234E-4
3.026723861694336E-4
2.747774124145508E-4
0.001021742820739746
5.553960800170898E-4
7.548332214355469E-4
1.3136956840753555E-4
0.0011093616485595703
0.002213001251220703
6.108283996582031E-4
0.0021059513092041016
3.147125244140625E-4
4.315376281738281E-5
3.008842468261719E-4
2.8848659712821245E-4
6.926059722900391E-4
0.0012831687927246094
0.0010762214660644531
0.0016851462714839727
6.585121191164944E-4
0.002090930938720703
0.0012121200561523438
0.004360198974609375
0.0021905899047851562
1.316070556640625E-4
0.0033836383372545242
0.00231170654296875
0.0030879974365234375
0.007080078125
0.0061321258544921875
7.076412584865466E-4
2.889670431613922E-4
2.346038818359375E-4
0.0011196136474609375
0.0027666091918945312
0.010979682207107544
0.005321502685546875
0.0059680938720703125
0.0063343048095703125
0.009128570556640625
5.397796630859375E-4
0.0052585601806640625
3.566741943359375E-4
0.0029087066650390625
0.00861549424007535
0.009277582168579102
0.0010700225830078125
0.008758544921875
0.033313870429992676
0.011936187744140625
0.021381378173828125
0.0153656005859375
0.002017978811636567
0.01859283447265625
0.01857757568359375
0.0049591064453125
0.029052734375
0.007843017578125
0.0523529127240181
0.073699951171875
0.006408698856830597
0.00634765625
0.00678253173828125
0.00725555419921875
0.00975799560546875
0.03704833984375
0.00760650634765625
0.0716400146484375
0.2110443115234375
0.1629638671875
0.004425048828125
0.0745849609375
0.089874267578125
0.0031890869140625
0.3018646240234375
0.097442626953125
0.16064453125
1.4832579608992091E-12
3.057110120607831E-12
2.113864638886298E-13
1.148858785882112E-12
1.9240165016753963E-12
1.8030021919912542E-13
1.191491350027718E-12
2.2426505097428162E-13
1.858735387827437E-12
9.867662242868391E-13
0.326934814453125
0.33642578125
0.038177490234375
0.03152477741241455
0.0380859375
0.2886660099029541
0.2868652492761612
0.27978515625
0.270263671875
0.2567138671875
0.74761962890625
0.33056640625
0.282470703125
0.8889164924621582
0.07470703125
0.0516357421875
0.025757312774658203
0.0284423828125
0.7685546875
0.1109619140625
0.04541015625
0.337158203125
0.02490234375
0.9052734375
0.8154296875
1.3756103515625
0.0396728515625
0.4097900390625
0.5206298828125
0.07861328125
1.219970703125
0.57958984375
2.174560546875
1.702392578125
3.819580078125
1.21875
1.379150390625
0.171142578125
2.365234375
0.153564453125
2.69384765625
4.482421875
0.33349609375
2.462432861328125
2.28369140625
2.10546875
0.66015625
1.47802734375
2.46533203125
0.275390625
5.224609375
8.9111328125
13.0185546875
7.333984375
8.4140625
10.6904296875
3.2607421875
1.005859375
4.796875
1.1923828125
1.572265625
17.759765625
3.02734375
11.9931640625
10.173828125
23.267578125
19.53515625
15.076171875
26.337890625
10.4951171875
0.775390625
1.4609375
4.0400390625
5.50390625
13.62109375
7.0157470703125
35.0859375
26.33251953125
38.1171875
32.316650390625
57.4921875
22.298828125
3.4609375
18.9453125
4.625
4.7890625
83.734375
9.28125
38.0234375
19.8828125
12.6875
162.46875
72.15625
84.828125
110.92578125
23.5
37.0625
67.078125
99.4375
9.953125
2.2715163083830735E-12
4.276579090856103E-13
5.425881965948065E-12
2.4016344468691386E-12
2.958078226811267E-12
2.0552448631860898E-12
4.249933738265099E-13
6.257216966787447E-13
4.050981772252271E-12
2.403410803708539E-12
200.15625
118.09375
150.90625
297.234375
22.3125
10.96875
66.3125
199.3125
7.03125
141.625
562.375
651.25
366.8125
131.75
305.375
13.625
17.0625
210.875
14.1875
430.0
2.915001573455811E-12
2.9611868512802175E-12
1.6876278152722105E-11
1.3242740237728867E-12
8.382627925129782E-12
4.3085535139653075E-12
6.765255022855854E-12
6.502354210624617E-12
2.7418067816142866E-12
5.650591106132197E-12
1.6280310433103296E-11
1.453770437365165E-11
4.083844373781279E-12
1.5662138252992008E-11
1.5942802633617248E-11
1.1736389637917455E-11
1.2922996006636822E-11
8.126832540256159E-12
4.1531222905177856E-12
2.502886786714953E-12
1.7148948927570018E-11
1.4068746168049984E-11
3.0755842317375937E-11
7.325695605686633E-12
2.6268764941050904E-11
3.007016857736744E-11
1.9323209698995925E-11
8.86402062860725E-12
3.2009950245992513E-12
2.015809741351425E-11
3.389999392311438E-11
4.5574211071652826E-11
4.014566457044566E-11
3.866773568006465E-11
4.1858072563629156E-11
8.78941364135244E-12
3.537792281349539E-11
8.901679393602576E-11
1.6697754290362358E-12
1.8701484805205837E-11
1.6160583982127719E-10
2.495426087989472E-11
8.664358119858662E-11
2.6062707547683784E-11
1.0419398677186771E-10
1.2731504739349475E-10
1.4736656339664478E-11
1.2235545909788925E-10
7.824496606190223E-11
9.112000043387525E-11
