2.7747248942944225E-13
2.5943136527928345E-13
8.337774914934926E-14
2.131073095767988E-13
2.1788126858268697E-14
1.847966224488573E-13
1.9917401061775308E-13
1.2101430968414219E-14
4.4428349887937207E-13
2.6645352591003757E-13
1.3159251466277055E-10
8.921574590205141E-11
2.6827251531358343E-10
2.779074748104904E-10
1.978150976356119E-11
3.6123992686043506E-11
3.821583050012123E-10
1.6348167264368385E-10
3.35973027176862E-10
3.6260416891309433E-10
8.634515324956737E-11
3.0530600270139985E-10
4.1234216041630134E-10
8.577671906098576E-11
2.4635937734274194E-10
3.439026841078885E-11
3.2247271519736387E-10
6.068034963391256E-10
7.786411515553747E-10
3.4845015761675313E-10
1.0220446711173281E-10
2.8910562832606956E-10
5.928768587182276E-10
1.3043290891801007E-9
4.9681148084346205E-11
1.0732037480931141E-10
2.6545876607997343E-10
6.879190550534986E-10
4.290541255613789E-10
1.7444108380004764E-9
1.7209913494315175E-9
3.5015546018257737E-10
1.6909780242713168E-9
2.555452738306485E-9
2.1395862859208137E-10
1.9931576389353722E-9
1.3058070180704817E-9
1.0495568858459592E-9
3.4697222872722577E-10
1.6634658095431093E-9
1.8599166651256382E-10
4.111370799364522E-9
3.5515768104910474E-10
1.3324097380973399E-10
1.3201315596234053E-9
4.86397766508162E-9
2.198703441536054E-9
2.288288669660714E-9
2.5420376914553344E-10
1.9886101654265076E-9
7.275957614183426E-9
4.937646735925227E-9
2.125580067513512E-8
2.455635694786906E-10
4.592948243953288E-9
8.279130270252518E-9
4.918547347187996E-9
1.1459633242338896E-9
4.557477950584143E-9
4.562934918794781E-9
1.3749740901403129E-8
1.0726580512709916E-8
3.1104718800634146E-10
5.1131792133674026E-9
1.9015715224668384E-8
2.4992914404720597E-9
1.0668372851796448E-8
1.95359461940825E-8
1.0124495020136237E-8
2.1100277081131935E-8
3.1803210731595755E-8
6.148184183984995E-9
8.913048077374697E-10
1.89647835213691E-8
1.0611984180286527E-8
9.240466170012951E-10
3.838067641481757E-9
5.4697011364623904E-8
6.0899765230715275E-9
3.5117409424856305E-8
5.859183147549629E-7
6.110349204391241E-8
8.440110833320983E-9
2.3559550755159614E-8
8.006463758648204E-8
3.9508449845016E-8
7.509515853598714E-8
9.91043634712696E-7
6.973277778821174E-8
8.451752364635468E-8
7.147900760173798E-8
3.2887328416109085E-9
2.980232238772242E-8
2.4665496312081814E-8
2.628075890245764E-8
1.3480894267559052E-7
1.6437843441963196E-7
3.8256985135376453E-8
1.1960219126195054E-7
2.1305459085851908E-7
7.228107001822082E-13
9.992007221626409E-14
7.05546732149287E-14
2.0700108294136044E-13
5.573874695130598E-13
4.214406601477094E-13
5.914158052178209E-13
2.7045032879868813E-13
8.548717289613705E-14
9.864331573794516E-14
4.6566128730773926E-9
1.6635749489068985E-7
6.056507118046284E-8
3.699387889355421E-7
2.0983861759305E-7
1.497392076998949E-7
4.2229657992720604E-8
2.2962922230362892E-8
4.1912426240742207E-7
1.3620592654618735E-8
1.2066448107361794E-7
5.351612344384193E-7
2.530287019917102E-7
1.614680513739586E-7
2.5390181690454483E-7
5.8265868574380875E-8
2.8341310104318396E-7
3.183959051966667E-8
6.974441930651665E-7
1.958105713684155E-7
5.61121851649915E-7
2.130400389432907E-8
9.872019290924072E-8
4.1315797716379166E-7
1.4237593860128017E-7
1.685693860054016E-7
2.3515895010775556E-8
6.132759153842926E-7
1.1761439964175224E-6
6.780028343200684E-7
1.7369166016578674E-6
1.6880221664905548E-7
1.695007085800171E-7
7.019843915045954E-7
1.1660158638626683E-6
2.1683517861248447E-6
1.8684659188750175E-6
1.594657078385353E-6
1.5576370060443878E-7
1.5581026673316956E-6
1.2917444109916687E-6
4.209112375974655E-6
2.780463546514511E-6
1.3597309589385986E-7
1.0570511221885681E-7
1.2083910405635834E-6
5.510635673999786E-6
1.3113021850585938E-6
4.7050416469573975E-6
1.2293457984924316E-6
5.939975380897522E-6
1.7334707095528756E-5
4.357658326736846E-6
6.488524405767748E-6
6.2836334109306335E-6
2.9616057872772217E-7
2.1830201148986816E-6
6.733462232233478E-7
4.020519554615021E-6
2.0116567622796566E-7
2.726912498474121E-6
1.644901931285858E-5
5.707144737243652E-6
2.1399930119569976E-5
1.475028693681546E-5
3.371387720108032E-7
1.1086463928222656E-5
1.189298927783966E-5
7.12275505065918E-6
2.102181315422058E-5
1.1436641216278076E-6
3.289431589337255E-6
1.6573816537857056E-5
1.0058283805847168E-6
1.255422830581665E-6
2.1912157592396397E-5
1.751631498336792E-5
1.8216669843695854E-6
1.7251819372177124E-5
2.431497000543459E-5
6.463378667831421E-5
3.553926944732666E-5
4.213303327560425E-5
3.591179847717285E-5
3.946572724089492E-5
1.3418497474049218E-5
3.4183263778686523E-5
6.447732448577881E-5
2.3491682441090234E-5
3.912299871444702E-5
9.909272193908691E-6
1.796633005142212E-4
4.202127470875894E-6
8.234382494265446E-5
9.581446647644043E-6
3.853440284729004E-5
1.5661120414733887E-5
6.803870203953011E-5
4.783272771646807E-6
6.686151027679443E-5
3.9979131116751887E-13
4.841682610390308E-13
1.1191048088221578E-13
1.1313172620930345E-13
5.189182417097982E-13
8.846257060213247E-13
1.3963274980710594E-12
1.2835288387691443E-12
5.202505093393484E-13
3.1941116418465754E-13
1.6424059867858887E-4
2.5776028633117676E-4
2.2286176681518555E-4
4.056096076965332E-5
1.6042593051679432E-4
2.5957822799682617E-4
2.9534101486206055E-5
8.231401443481445E-5
3.2782554626464844E-4
7.450580596923828E-6
3.7932407758489717E-4
9.155274528893642E-5
3.142953501082957E-4
1.0216236114501953E-4
5.307793617248535E-4
1.8280744552612305E-4
2.784132957458496E-4
1.3470649719238281E-5
7.152557373046875E-5
5.423426628112793E-4
1.0192394256591797E-4
0.0010561943054199219
1.5378000171040185E-5
2.491474151611328E-5
1.785755157470703E-4
0.0010477304458618164
2.951622009277344E-4
3.1256675720214844E-4
0.0010858774185180664
7.625818252563477E-4
0.0028519630432128906
0.002407312400464434
0.0012104511260986328
2.3674964904785156E-4
4.2939186096191406E-4
7.510185241699219E-5
0.0038454532623291016
0.0031018294394016266
7.870197296142578E-4
2.1982192993164062E-4
0.0032777786254882812
4.3487548828125E-4
0.0022735595703125
0.004265323281288147
0.0030126571655273438
8.463859558105469E-4
0.001264096237719059
0.0039844512939453125
0.0016918200999498367
5.145072937011719E-4
0.011257179081439972
0.010211944580078125
0.012423515319824219
0.009212493896484375
0.005093574523925781
2.231597900390625E-4
2.155303955078125E-4
1.621246337890625E-4
0.0056591033935546875
0.009790420532226562
0.0270843505859375
0.01313018798828125
0.02542877197265625
0.0121917724609375
0.009168624877929688
0.0015010833740234375
0.008419036865234375
0.012586594093590975
5.245208740234375E-4
0.011148452758789062
8.507370948791504E-4
0.03223419189453125
0.010147124528884888
0.00997161865234375
0.018398314714431763
0.04106903076171875
0.019786834716796875
0.03551483154296875
0.026035308837890625
0.021404266357421875
0.02463531494140625
0.02761077880859375
0.00287628173828125
0.0800018310546875
0.08020782470703125
0.0845184326171875
0.00146484375
0.1454315185546875
0.095550537109375
0.068145751953125
0.145477294921875
0.07354736328125
0.20025634765625
0.0708465576171875
0.004547152668237686
0.008392333984375
0.1002349853515625
0.007171630859375
0.0082855224609375
0.023635894060134888
2.6278978992877455E-12
1.1080025785759062E-12
1.5289991495137656E-12
1.2569945084806022E-12
2.369215934550084E-13
3.3151259515307336E-13
2.9887203822909214E-13
2.086331107875594E-12
1.233679824963474E-12
1.197930643570544E-12
0.32004547119140625
0.16064453125
0.01934814453125
0.44366455078125
0.2633056640625
0.741424560546875
0.03125
0.005037426948547363
0.350372314453125
0.162872314453125
0.12493896484375
0.50927734375
0.43707275390625
0.7685546875
0.4029541015625
0.013672351837158203
0.08746337890625
0.0853271484375
0.2740478515625
0.01519775390625
0.3804931640625
0.6514892578125
0.7135009765625
0.84375
0.59228515625
0.0584716796875
0.021728515625
0.13134765625
1.08740234375
0.7717304229736328
1.0542001724243164
1.528076171875
1.443115234375
2.223876953125
2.247314453125
0.350830078125
0.052490234375
0.07373046875
1.888427734375
2.6943359375
2.85107421875
2.1357421875
0.63427734375
9.27392578125
0.37890625
1.78076171875
2.503936767578125
2.88818359375
2.474609375
2.31640625
6.8095855712890625
4.2333984375
2.376953125
4.2236328125
0.23541259765625
8.9755859375
4.5537109375
2.888671875
4.1748046875
4.2685546875
11.701171875
23.5361328125
3.033203125
12.255859375
1.484375
8.46142578125
8.916015625
10.3603515625
13.5966796875
11.767578125
36.90625
5.8515625
0.9453125
9.58251953125
16.953125
16.890625
0.9765625
33.728515625
19.44921875
19.421875
71.5703125
6.609375
2.171875
3.359375
21.4765625
46.265625
35.640625
35.9140625
63.2275390625
74.14453125
19.171875
92.90625
139.515625
180.546875
76.7578125
80.5234375
147.53125
210.4140625
142.234375
149.671875
1.2656542480726807E-13
2.3097079804301757E-12
3.312461416271617E-12
7.269740365245525E-13
4.0669689838068734E-12
4.435118938772575E-12
3.3155700407405675E-12
3.3795188869589765E-12
3.5633718198369024E-12
2.2866153415179724E-12
25.875
142.90625
186.28125
123.8125
181.125
167.00048828125
133.75
63.09375
230.0625
482.96875
557.125
880.375
736.5
439.25
186.75
50.3125
218.0625
228.25
94.8125
601.1875
1.184830011879993E-12
1.4006573678670975E-12
3.3706371027619753E-12
3.8458125573015584E-12
6.775913163892255E-12
4.932054764594797E-12
4.007461029686965E-12
7.16049441962241E-12
5.0821569175241166E-12
6.208367153704134E-13
1.6752821352383762E-11
2.5913493573170854E-11
4.218847493575698E-12
2.396305376350938E-12
1.3642420526593924E-11
1.5988987911441654E-11
9.265477274311706E-12
1.2139622640461312E-11
1.7045920230884803E-11
1.0532019700804085E-11
2.5760726884982432E-11
4.9965365178650245E-11
1.5482726212212583E-11
4.2703618419183055E-12
3.916156288141792E-11
5.5138116294983774E-12
3.0034641440579435E-11
2.603783855192887E-11
6.076916747588257E-11
3.083755473198835E-11
9.386269539390923E-12
4.147437948631705E-11
4.7329251628980273E-11
7.453593298123451E-12
4.916245188724133E-11
3.734612619155089E-11
4.0927261579782184E-11
8.924416761146858E-11
8.334666290465975E-11
6.389200279954821E-11
4.561684363579843E-12
9.3635321718466E-11
4.958167210133979E-11
2.559374934207881E-11
1.9899459857697366E-10
1.1112888387287967E-11
8.303402410092531E-11
2.5835333872237243E-11
3.2457592169521376E-11
6.967582066863542E-11
