1.388056336537602E-13
3.0511704274260865E-13
1.3750112159982564E-13
6.35325125841746E-14
3.275157922644213E-14
2.4136248555350903E-13
1.6336931807359178E-13
1.0483280910023041E-13
2.3203661214665778E-14
2.767230888878204E-14
2.886508809751831E-10
7.764811016386375E-11
1.9306867216073442E-10
1.525393145129783E-10
1.5106138562265024E-10
2.1174173525650986E-11
2.4792257136141416E-10
2.955857780762017E-11
2.9879743124183733E-10
8.01492205937393E-11
1.3568524082074873E-10
2.879119165299926E-10
4.0466829887009226E-10
7.560174708487466E-10
3.917648427887418E-10
2.595470505184494E-10
5.269384928396903E-11
7.116796041373163E-11
4.2297187974327244E-10
2.788738129311241E-10
6.439222488552332E-10
8.835741027723998E-10
1.4858869690215215E-10
5.298943506204523E-10
1.3893668437958695E-9
5.635456545860507E-10
1.9304025045130402E-10
8.670895113028713E-10
7.265725798789539E-10
5.790070645161904E-10
2.3510438040830195E-10
2.153910827474161E-9
1.0988969734171405E-9
2.34194885706529E-10
1.0984422260662607E-9
1.2107648217369114E-9
2.4110704544000328E-9
1.0411440598545596E-9
1.5356818039435893E-9
1.681428329902701E-9
1.9631443137768656E-9
2.546585164964199E-10
2.5916051527087353E-9
6.5961103246081885E-9
4.076810000697151E-9
2.5784174795279456E-9
1.127773430198431E-10
5.470155883813277E-9
1.0568328434601426E-9
8.438746590400115E-9
3.028617356903851E-10
9.627910912981771E-9
5.1641109166666865E-9
1.2350938050076365E-9
1.0306393960490823E-8
4.3664840632118285E-9
1.9463186617951252E-10
3.337845555506779E-10
1.3953467714600265E-8
2.1364030544647143E-9
8.118149708052263E-9
8.89303919393654E-9
2.319211489520967E-9
2.2368112695403397E-8
1.86155375559154E-8
8.782080840319819E-9
7.421476766467094E-10
1.5199475456029177E-8
1.837179297581315E-9
7.486960384994745E-9
2.48037395067513E-8
3.6201527109369636E-8
4.274625098332763E-8
2.140950527973473E-8
2.6764610083773732E-8
2.6811903808265924E-8
3.0700903153046966E-8
3.268360160291195E-8
3.39787220582366E-9
1.5879777492955327E-8
6.695336196571589E-8
1.2218515621498227E-7
7.8580342233181E-10
2.835440682247281E-8
3.332388587296009E-9
5.915353540331125E-9
1.1423253454267979E-9
6.664777174592018E-9
8.00282577984035E-8
5.460606189444661E-8
1.0422081687250229E-7
2.1304003895196433E-8
1.0577787179499865E-7
2.9336661100387573E-8
1.1512020137163727E-7
7.203198038041592E-9
6.542541086673737E-8
3.623426891863346E-9
2.2497260943055153E-8
1.439184416102829E-7
5.402900349338324E-13
3.851363672424668E-13
3.5532687903128135E-13
2.415290190072029E-13
5.634381849972669E-13
4.727884750366229E-13
4.2577052994374753E-14
7.28805904515184E-13
2.7244873024301347E-13
7.249756350802272E-14
1.4938996173442765E-7
1.61642674356699E-7
2.6670750230550766E-7
2.0701554603876039E-7
1.474982127547264E-7
1.3224780559539795E-7
1.5605473890900612E-7
1.973239704966545E-8
1.4988472685217857E-7
1.510488800982035E-7
5.8673322200775146E-8
5.9604644775390625E-8
3.360910342253831E-7
5.379552022732881E-7
5.621695891022682E-7
1.1525116861300227E-8
2.5314511731315765E-7
1.3795215636491776E-8
1.466250978410244E-7
2.5844201456725127E-7
1.0419171303510666E-7
5.087349563837051E-7
7.121125236153603E-7
5.785841497019106E-7
1.0567018762230873E-6
1.4388933777809143E-7
1.1273659765720367E-6
2.7124769985675812E-8
9.452924132347107E-8
7.37025402488059E-7
2.156710253053973E-6
2.6705674827098846E-7
2.527143806219101E-6
1.3692770153284073E-6
1.9953586183341088E-7
1.1730007827281952E-6
1.6728881746530533E-6
1.4049001046956278E-6
1.357169821858406E-6
2.7883797883987427E-6
4.945322871485747E-7
2.0330771803855896E-6
3.0710361897945404E-6
3.3159740269184113E-6
1.043081283569336E-6
2.196058630971054E-6
7.115304470062256E-7
3.241002559661865E-7
4.400499165058136E-6
3.809109330177307E-7
1.0642223060131073E-5
6.6636130355846035E-6
9.08970832824707E-6
6.485730409622192E-6
2.5909394025802612E-6
9.629875421524048E-7
1.955777406692505E-7
1.0287389159202576E-5
1.3055279850959778E-5
2.7744099497795105E-6
9.650364518165588E-6
4.3410807847976685E-5
1.6089528799057007E-5
1.130625605583191E-6
8.950009942054749E-6
1.979246735572815E-5
9.914860129356384E-6
1.4957040548324585E-6
2.0859763367298E-5
9.043142199516296E-6
2.3979694560694043E-5
1.6354024410469847E-5
3.5472214221954346E-5
6.966292858123779E-7
1.4647841453552246E-5
7.312744857879139E-6
2.5514513708913E-5
2.2951513528823853E-5
6.303191184997559E-6
1.7970800399780273E-5
2.2061169147491455E-5
5.11854887008667E-6
4.7460198402404785E-5
3.854930400848389E-5
6.505846977233887E-5
3.121793270111084E-6
1.0050833225250244E-5
6.396323442459106E-5
2.3543835141026648E-5
4.010647535324097E-5
8.003413680057747E-5
7.316470146179199E-5
8.240342168619463E-6
3.87728214263916E-5
4.370510623630253E-5
4.723668098449707E-6
1.3937056064605713E-4
3.129243850708008E-5
7.651746275882942E-5
4.2438507080078125E-5
9.403589018575076E-14
3.0564439867930585E-13
5.635492072997295E-13
1.099120794378905E-13
5.218048215738238E-13
5.921929613350585E-13
1.2636558466283532E-12
4.736211423050918E-13
3.375077994860476E-14
5.211386877590485E-13
3.2454729080200195E-5
1.0329484939575195E-4
2.6044249534606934E-4
3.803074359893799E-4
6.0945749282836914E-5
1.6817450523376465E-4
1.4156103134155273E-5
2.841651439666748E-4
1.7324090003967285E-4
3.126859664916992E-4
3.8194657827261835E-4
2.8830766677856445E-4
3.427267074584961E-5
2.944469451904297E-5
2.576112747192383E-4
9.042024612426758E-5
3.340840485179797E-4
1.7404556274414062E-5
3.2395124435424805E-4
5.788803100585938E-4
0.001276254653930664
0.0011354684829711914
5.255937576293945E-4
0.0011895897332578897
7.921457290649414E-4
6.711483001708984E-4
0.0011583566665649414
6.061792373657227E-4
0.001258254051208496
8.947849273681641E-4
0.0029943007975816727
0.002309799427166581
1.1944770812988281E-4
0.0023107528686523438
2.875328063964844E-4
2.970695495605469E-4
0.0016319752903655171
0.0022287368774414062
1.385211944580078E-4
0.0012161750346422195
1.0260237104376178E-10
1.3065338134765625E-4
9.627854069549771E-12
2.490452288839151E-11
3.106492840743158E-11
1.1822010037576547E-10
4.072120418641134E-11
9.15179043659009E-12
1.7550405573274475E-12
4.050093593832571E-12
0.0031280517578125
0.007966995239257812
0.0047130584716796875
0.005122184753417969
7.925033569335938E-4
0.004412651062011719
0.004104615189135075
0.009732246398925781
0.0050678253173828125
0.00468069314956665
0.0014209747314453125
0.0051898956298828125
0.006963744759559631
0.008592605590820312
0.0019054412841796875
0.008531570434570312
0.00186920166015625
0.016958236694335938
0.0033798813819885254
4.749298095703125E-4
0.01849365234375
0.01531982421875
0.0029488801956176758
0.0026931781321763992
0.025943756103515625
0.0216522216796875
0.0388031005859375
9.72747802734375E-4
0.010021448135375977
0.04864907264709473
0.00140380859375
0.045635223388671875
0.06834423542022705
0.00565338134765625
0.052459716796875
0.00121307373046875
0.005462646484375
0.074554443359375
0.07761383056640625
0.00359344482421875
0.0108795166015625
0.003448486328125
0.070648193359375
0.006927490234375
0.0091552734375
0.121337890625
0.1397857666015625
0.0038299560546875
0.0669403076171875
0.003997802734375
5.151434834260726E-13
1.077804512306102E-12
1.1792788967568413E-12
1.7075230118734908E-12
2.5426327709965335E-12
1.1222134332911082E-12
3.9879211044535623E-13
1.091793322416379E-12
5.948574965941589E-13
4.4986236957811343E-13
0.1333160400390625
0.14019775390625
0.13873291015625
0.006317138671875
0.145355224609375
0.15686798095703125
0.138641357421875
0.156463623046875
0.233856201171875
0.118194580078125
0.3707275390625
0.42755126953125
0.43597412109375
0.32476806640625
0.43963623046875
0.911376953125
0.0208740234375
0.052001953125
0.31524658203125
0.5853271484375
0.0488283634185791
0.031494140625
0.0189208984375
0.1634521484375
0.3223876953125
0.8375244140625
0.27783203125
0.6243896484375
0.0230712890625
0.143798828125
1.08251953125
1.3193359375
1.289794921875
1.494140625
2.4423828125
2.12353515625
2.121337890625
3.07568359375
1.206787109375
0.779541015625
3.46826171875
0.75634765625
3.42041015625
2.40380859375
2.55419921875
4.08935546875
1.41162109375
0.45947265625
0.68212890625
2.08447265625
13.5146484375
11.2236328125
4.720703125
11.466796875
1.5537109375
0.7998046875
0.1983642578125
5.9833984375
0.19384765625
8.5693359375
2.611328125
4.5087890625
2.6484375
12.421875
9.654296875
9.49609375
5.3896484375
1.2587890625
2.447265625
17.3984375
2.0234375
2.87109375
2.03125
5.3126220703125
9.19140625
34.3515625
33.2890625
37.3359375
0.71875
5.87890625
66.7578125
44.4453125
71.9765625
42.3125
6.8515625
37.6640625
22.98046875
89.6953125
54.5234375
17.46875
34.5703125
78.5625
111.5625
20.609375
8.83203125
98.8984375
147.1484375
11.078125
86.4296875
148.453125
6.87805368215777E-12
3.625100220006061E-12
1.199040866595169E-13
2.0454749005693884E-12
1.7679191444130993E-12
6.767919558114954E-13
3.2240876635114546E-13
3.3084646133829665E-13
3.347544463849772E-12
2.993605363599272E-12
142.1875
14.40625
424.625
271.625
150.31298828125
448.78125
108.5
198.4375
143.21875
176.59375
194.5625
286.125
14.8125
529.59375
1030.4375
26.71875
532.875
101.0625
19.125
44.9375
2.9549696023423296E-12
4.5572434714813684E-12
4.2534864519439E-12
3.793410030539241E-12
7.265299473147024E-12
5.17541565159263E-12
7.274181257344284E-13
3.933742220851855E-12
4.04298816647497E-12
4.081179838522077E-12
1.4637180356658167E-11
3.1938895972416536E-12
8.864020628607253E-12
1.3077539051664644E-11
1.2301271112846838E-11
8.58157989114261E-12
4.575895218295045E-12
7.174705274337612E-12
2.235189811017335E-11
8.79296635503124E-12
1.743671873555286E-11
2.5394797376066808E-11
4.391154106997419E-12
2.1739055000580265E-11
2.497557716196752E-12
1.7958967646336532E-11
6.327383061943692E-12
1.361755153084232E-11
3.3445246572227916E-11
1.8346213437325787E-11
4.389733021525899E-11
4.588684987538727E-11
4.318678747949889E-11
1.7976731214730535E-12
2.344791028008337E-12
8.706280141268508E-11
3.5591085634223425E-11
3.113598268100759E-11
2.0605739337042905E-12
6.070166591598536E-11
2.0909851627948228E-10
8.355982572538804E-12
1.0420819762657629E-10
9.102052445086883E-11
1.8772539078788464E-11
1.3810108612233307E-10
8.684253316459944E-11
1.7678303265711293E-11
1.2644818525586743E-10
8.564882136852579E-11
1.388056336537602E-13
3.0511704274260865E-13
1.3750112159982564E-13
6.35325125841746E-14
3.275157922644213E-14
2.4136248555350903E-13
1.6336931807359178E-13
1.0483280910023041E-13
2.3203661214665778E-14
2.767230888878204E-14
2.886508809751831E-10
7.764811016386375E-11
1.9306867216073442E-10
1.525393145129783E-10
1.5106138562265024E-10
2.1174173525650986E-11
2.4792257136141416E-10
2.955857780762017E-11
2.9879743124183733E-10
8.01492205937393E-11
1.3568524082074873E-10
2.879119165299926E-10
4.0466829887009226E-10
7.560174708487466E-10
3.917648427887418E-10
2.595470505184494E-10
5.269384928396903E-11
7.116796041373163E-11
4.2297187974327244E-10
2.788738129311241E-10
6.439222488552332E-10
8.835741027723998E-10
1.4858869690215215E-10
5.298943506204523E-10
1.3893668437958695E-9
5.635456545860507E-10
1.9304025045130402E-10
8.670895113028713E-10
7.265725798789539E-10
5.790070645161904E-10
2.3510438040830195E-10
2.153910827474161E-9
1.0988969734171405E-9
2.34194885706529E-10
1.0984422260662607E-9
1.2107648217369114E-9
2.4110704544000328E-9
1.0411440598545596E-9
1.5356818039435893E-9
1.681428329902701E-9
1.9631443137768656E-9
2.546585164964199E-10
2.5916051527087353E-9
6.5961103246081885E-9
4.076810000697151E-9
2.5784174795279456E-9
1.127773430198431E-10
5.470155883813277E-9
1.0568328434601426E-9
8.438746590400115E-9
3.028617356903851E-10
9.627910912981771E-9
5.1641109166666865E-9
1.2350938050076365E-9
1.0306393960490823E-8
4.3664840632118285E-9
1.9463186617951252E-10
3.337845555506779E-10
1.3953467714600265E-8
2.1364030544647143E-9
8.118149708052263E-9
8.89303919393654E-9
2.319211489520967E-9
2.2368112695403397E-8
1.86155375559154E-8
8.782080840319819E-9
7.421476766467094E-10
1.5199475456029177E-8
1.837179297581315E-9
7.486960384994745E-9
2.48037395067513E-8
3.6201527109369636E-8
4.274625098332763E-8
2.140950527973473E-8
2.6764610083773732E-8
2.6811903808265924E-8
3.0700903153046966E-8
3.268360160291195E-8
3.39787220582366E-9
1.5879777492955327E-8
6.695336196571589E-8
1.2218515621498227E-7
7.8580342233181E-10
2.835440682247281E-8
3.332388587296009E-9
5.915353540331125E-9
1.1423253454267979E-9
6.664777174592018E-9
8.00282577984035E-8
5.460606189444661E-8
1.0422081687250229E-7
2.1304003895196433E-8
1.0577787179499865E-7
2.9336661100387573E-8
1.1512020137163727E-7
7.203198038041592E-9
6.542541086673737E-8
3.623426891863346E-9
2.2497260943055153E-8
1.439184416102829E-7
5.402900349338324E-13
3.851363672424668E-13
3.5532687903128135E-13
2.415290190072029E-13
5.634381849972669E-13
4.727884750366229E-13
4.2577052994374753E-14
7.28805904515184E-13
2.7244873024301347E-13
7.249756350802272E-14
1.4938996173442765E-7
1.61642674356699E-7
2.6670750230550766E-7
2.0701554603876039E-7
1.474982127547264E-7
1.3224780559539795E-7
1.5605473890900612E-7
1.973239704966545E-8
1.4988472685217857E-7
1.510488800982035E-7
5.8673322200775146E-8
5.9604644775390625E-8
3.360910342253831E-7
5.379552022732881E-7
5.621695891022682E-7
1.1525116861300227E-8
2.5314511731315765E-7
1.3795215636491776E-8
1.466250978410244E-7
2.5844201456725127E-7
1.0419171303510666E-7
5.087349563837051E-7
7.121125236153603E-7
5.785841497019106E-7
1.0567018762230873E-6
1.4388933777809143E-7
1.1273659765720367E-6
2.7124769985675812E-8
9.452924132347107E-8
7.37025402488059E-7
2.156710253053973E-6
2.6705674827098846E-7
2.527143806219101E-6
1.3692770153284073E-6
1.9953586183341088E-7
1.1730007827281952E-6
1.6728881746530533E-6
1.4049001046956278E-6
1.357169821858406E-6
2.7883797883987427E-6
4.945322871485747E-7
2.0330771803855896E-6
3.0710361897945404E-6
3.3159740269184113E-6
1.043081283569336E-6
2.196058630971054E-6
7.115304470062256E-7
3.241002559661865E-7
4.400499165058136E-6
3.809109330177307E-7
1.0642223060131073E-5
6.6636130355846035E-6
9.08970832824707E-6
6.485730409622192E-6
2.5909394025802612E-6
9.629875421524048E-7
1.955777406692505E-7
1.0287389159202576E-5
1.3055279850959778E-5
2.7744099497795105E-6
9.650364518165588E-6
4.3410807847976685E-5
1.6089528799057007E-5
1.130625605583191E-6
8.950009942054749E-6
1.979246735572815E-5
9.914860129356384E-6
1.4957040548324585E-6
2.0859763367298E-5
9.043142199516296E-6
2.3979694560694043E-5
1.6354024410469847E-5
3.5472214221954346E-5
6.966292858123779E-7
1.4647841453552246E-5
7.312744857879139E-6
2.5514513708913E-5
2.2951513528823853E-5
6.303191184997559E-6
1.7970800399780273E-5
2.2061169147491455E-5
5.11854887008667E-6
4.7460198402404785E-5
3.854930400848389E-5
6.505846977233887E-5
3.121793270111084E-6
1.0050833225250244E-5
6.396323442459106E-5
2.3543835141026648E-5
4.010647535324097E-5
8.003413680057747E-5
7.316470146179199E-5
8.240342168619463E-6
3.87728214263916E-5
4.370510623630253E-5
4.723668098449707E-6
1.3937056064605713E-4
3.129243850708008E-5
7.651746275882942E-5
4.2438507080078125E-5
9.403589018575076E-14
3.0564439867930585E-13
5.635492072997295E-13
1.099120794378905E-13
5.218048215738238E-13
5.921929613350585E-13
1.2636558466283532E-12
4.736211423050918E-13
3.375077994860476E-14
5.211386877590485E-13
3.2454729080200195E-5
1.0329484939575195E-4
2.6044249534606934E-4
3.803074359893799E-4
6.0945749282836914E-5
1.6817450523376465E-4
1.4156103134155273E-5
2.841651439666748E-4
1.7324090003967285E-4
3.126859664916992E-4
3.8194657827261835E-4
2.8830766677856445E-4
3.427267074584961E-5
2.944469451904297E-5
2.576112747192383E-4
9.042024612426758E-5
3.340840485179797E-4
1.7404556274414062E-5
3.2395124435424805E-4
5.788803100585938E-4
0.001276254653930664
0.0011354684829711914
5.255937576293945E-4
0.0011895897332578897
7.921457290649414E-4
6.711483001708984E-4
0.0011583566665649414
6.061792373657227E-4
0.001258254051208496
8.947849273681641E-4
0.0029943007975816727
0.002309799427166581
1.1944770812988281E-4
0.0023107528686523438
2.875328063964844E-4
2.970695495605469E-4
0.0016319752903655171
0.0022287368774414062
1.385211944580078E-4
0.0012161750346422195
1.0260237104376178E-10
1.3065338134765625E-4
9.627854069549771E-12
2.490452288839151E-11
3.106492840743158E-11
1.1822010037576547E-10
4.072120418641134E-11
9.15179043659009E-12
1.7550405573274475E-12
4.050093593832571E-12
0.0031280517578125
0.007966995239257812
0.0047130584716796875
0.005122184753417969
7.925033569335938E-4
0.004412651062011719
0.004104615189135075
0.009732246398925781
0.0050678253173828125
0.00468069314956665
0.0014209747314453125
0.0051898956298828125
0.006963744759559631
0.008592605590820312
0.0019054412841796875
0.008531570434570312
0.00186920166015625
0.016958236694335938
0.0033798813819885254
4.749298095703125E-4
0.01849365234375
0.01531982421875
0.0029488801956176758
0.0026931781321763992
0.025943756103515625
0.0216522216796875
0.0388031005859375
9.72747802734375E-4
0.010021448135375977
0.04864907264709473
0.00140380859375
0.045635223388671875
0.06834423542022705
0.00565338134765625
0.052459716796875
0.00121307373046875
0.005462646484375
0.074554443359375
0.07761383056640625
0.00359344482421875
0.0108795166015625
0.003448486328125
0.070648193359375
0.006927490234375
0.0091552734375
0.121337890625
0.1397857666015625
0.0038299560546875
0.0669403076171875
0.003997802734375
5.151434834260726E-13
1.077804512306102E-12
1.1792788967568413E-12
1.7075230118734908E-12
2.5426327709965335E-12
1.1222134332911082E-12
3.9879211044535623E-13
1.091793322416379E-12
5.948574965941589E-13
4.4986236957811343E-13
0.1333160400390625
0.14019775390625
0.13873291015625
0.006317138671875
0.145355224609375
0.15686798095703125
0.138641357421875
0.156463623046875
0.233856201171875
0.118194580078125
0.3707275390625
0.42755126953125
0.43597412109375
0.32476806640625
0.43963623046875
0.911376953125
0.0208740234375
0.052001953125
0.31524658203125
0.5853271484375
0.0488283634185791
0.031494140625
0.0189208984375
0.1634521484375
0.3223876953125
0.8375244140625
0.27783203125
0.6243896484375
0.0230712890625
0.143798828125
1.08251953125
1.3193359375
1.289794921875
1.494140625
2.4423828125
2.12353515625
2.121337890625
3.07568359375
1.206787109375
0.779541015625
3.46826171875
0.75634765625
3.42041015625
2.40380859375
2.55419921875
4.08935546875
1.41162109375
0.45947265625
0.68212890625
2.08447265625
13.5146484375
11.2236328125
4.720703125
11.466796875
1.5537109375
0.7998046875
0.1983642578125
5.9833984375
0.19384765625
8.5693359375
2.611328125
4.5087890625
2.6484375
12.421875
9.654296875
9.49609375
5.3896484375
1.2587890625
2.447265625
17.3984375
2.0234375
2.87109375
2.03125
5.3126220703125
9.19140625
34.3515625
33.2890625
37.3359375
0.71875
5.87890625
66.7578125
44.4453125
71.9765625
42.3125
6.8515625
37.6640625
22.98046875
89.6953125
54.5234375
17.46875
34.5703125
78.5625
111.5625
20.609375
8.83203125
98.8984375
147.1484375
11.078125
86.4296875
148.453125
6.87805368215777E-12
3.625100220006061E-12
1.199040866595169E-13
2.0454749005693884E-12
1.7679191444130993E-12
6.767919558114954E-13
3.2240876635114546E-13
3.3084646133829665E-13
3.347544463849772E-12
2.993605363599272E-12
142.1875
14.40625
424.625
271.625
150.31298828125
448.78125
108.5
198.4375
143.21875
176.59375
194.5625
286.125
14.8125
529.59375
1030.4375
26.71875
532.875
101.0625
19.125
44.9375
2.9549696023423296E-12
4.5572434714813684E-12
4.2534864519439E-12
3.793410030539241E-12
7.265299473147024E-12
5.17541565159263E-12
7.274181257344284E-13
3.933742220851855E-12
4.04298816647497E-12
4.081179838522077E-12
1.4637180356658167E-11
3.1938895972416536E-12
8.864020628607253E-12
1.3077539051664644E-11
1.2301271112846838E-11
8.58157989114261E-12
4.575895218295045E-12
7.174705274337612E-12
2.235189811017335E-11
8.79296635503124E-12
1.743671873555286E-11
2.5394797376066808E-11
4.391154106997419E-12
2.1739055000580265E-11
2.497557716196752E-12
1.7958967646336532E-11
6.327383061943692E-12
1.361755153084232E-11
3.3445246572227916E-11
1.8346213437325787E-11
4.389733021525899E-11
4.588684987538727E-11
4.318678747949889E-11
1.7976731214730535E-12
2.344791028008337E-12
8.706280141268508E-11
3.5591085634223425E-11
3.113598268100759E-11
2.0605739337042905E-12
6.070166591598536E-11
2.0909851627948228E-10
8.355982572538804E-12
1.0420819762657629E-10
9.102052445086883E-11
1.8772539078788464E-11
1.3810108612233307E-10
8.684253316459944E-11
1.7678303265711293E-11
1.2644818525586743E-10
8.564882136852579E-11
1.388056336537602E-13
3.0511704274260865E-13
1.3750112159982564E-13
6.35325125841746E-14
3.275157922644213E-14
2.4136248555350903E-13
1.6336931807359178E-13
1.0483280910023041E-13
2.3203661214665778E-14
2.767230888878204E-14
2.886508809751831E-10
7.764811016386375E-11
1.9306867216073442E-10
1.525393145129783E-10
1.5106138562265024E-10
2.1174173525650986E-11
2.4792257136141416E-10
2.955857780762017E-11
2.9879743124183733E-10
8.01492205937393E-11
1.3568524082074873E-10
2.879119165299926E-10
4.0466829887009226E-10
7.560174708487466E-10
3.917648427887418E-10
2.595470505184494E-10
5.269384928396903E-11
7.116796041373163E-11
4.2297187974327244E-10
2.788738129311241E-10
6.439222488552332E-10
8.835741027723998E-10
1.4858869690215215E-10
5.298943506204523E-10
1.3893668437958695E-9
5.635456545860507E-10
1.9304025045130402E-10
8.670895113028713E-10
7.265725798789539E-10
5.790070645161904E-10
2.3510438040830195E-10
2.153910827474161E-9
1.0988969734171405E-9
2.34194885706529E-10
1.0984422260662607E-9
1.2107648217369114E-9
2.4110704544000328E-9
1.0411440598545596E-9
1.5356818039435893E-9
1.681428329902701E-9
1.9631443137768656E-9
2.546585164964199E-10
2.5916051527087353E-9
6.5961103246081885E-9
4.076810000697151E-9
2.5784174795279456E-9
1.127773430198431E-10
5.470155883813277E-9
1.0568328434601426E-9
8.438746590400115E-9
3.028617356903851E-10
9.627910912981771E-9
5.1641109166666865E-9
1.2350938050076365E-9
1.0306393960490823E-8
4.3664840632118285E-9
1.9463186617951252E-10
3.337845555506779E-10
1.3953467714600265E-8
2.1364030544647143E-9
8.118149708052263E-9
8.89303919393654E-9
2.319211489520967E-9
2.2368112695403397E-8
1.86155375559154E-8
8.782080840319819E-9
7.421476766467094E-10
1.5199475456029177E-8
1.837179297581315E-9
7.486960384994745E-9
2.48037395067513E-8
3.6201527109369636E-8
4.274625098332763E-8
2.140950527973473E-8
2.6764610083773732E-8
2.6811903808265924E-8
3.0700903153046966E-8
3.268360160291195E-8
3.39787220582366E-9
1.5879777492955327E-8
6.695336196571589E-8
1.2218515621498227E-7
7.8580342233181E-10
2.835440682247281E-8
3.332388587296009E-9
5.915353540331125E-9
1.1423253454267979E-9
6.664777174592018E-9
8.00282577984035E-8
5.460606189444661E-8
1.0422081687250229E-7
2.1304003895196433E-8
1.0577787179499865E-7
2.9336661100387573E-8
1.1512020137163727E-7
7.203198038041592E-9
6.542541086673737E-8
3.623426891863346E-9
2.2497260943055153E-8
1.439184416102829E-7
5.402900349338324E-13
3.851363672424668E-13
3.5532687903128135E-13
2.415290190072029E-13
5.634381849972669E-13
4.727884750366229E-13
4.2577052994374753E-14
7.28805904515184E-13
2.7244873024301347E-13
7.249756350802272E-14
1.4938996173442765E-7
1.61642674356699E-7
2.6670750230550766E-7
2.0701554603876039E-7
1.474982127547264E-7
1.3224780559539795E-7
1.5605473890900612E-7
1.973239704966545E-8
1.4988472685217857E-7
1.510488800982035E-7
5.8673322200775146E-8
5.9604644775390625E-8
3.360910342253831E-7
5.379552022732881E-7
5.621695891022682E-7
1.1525116861300227E-8
2.5314511731315765E-7
1.3795215636491776E-8
1.466250978410244E-7
2.5844201456725127E-7
1.0419171303510666E-7
5.087349563837051E-7
7.121125236153603E-7
5.785841497019106E-7
1.0567018762230873E-6
1.4388933777809143E-7
1.1273659765720367E-6
2.7124769985675812E-8
9.452924132347107E-8
7.37025402488059E-7
2.156710253053973E-6
2.6705674827098846E-7
2.527143806219101E-6
1.3692770153284073E-6
1.9953586183341088E-7
1.1730007827281952E-6
1.6728881746530533E-6
1.4049001046956278E-6
1.357169821858406E-6
2.7883797883987427E-6
4.945322871485747E-7
2.0330771803855896E-6
3.0710361897945404E-6
3.3159740269184113E-6
1.043081283569336E-6
2.196058630971054E-6
7.115304470062256E-7
3.241002559661865E-7
4.400499165058136E-6
3.809109330177307E-7
1.0642223060131073E-5
6.6636130355846035E-6
9.08970832824707E-6
6.485730409622192E-6
2.5909394025802612E-6
9.629875421524048E-7
1.955777406692505E-7
1.0287389159202576E-5
1.3055279850959778E-5
2.7744099497795105E-6
9.650364518165588E-6
4.3410807847976685E-5
1.6089528799057007E-5
1.130625605583191E-6
8.950009942054749E-6
1.979246735572815E-5
9.914860129356384E-6
1.4957040548324585E-6
2.0859763367298E-5
9.043142199516296E-6
2.3979694560694043E-5
1.6354024410469847E-5
3.5472214221954346E-5
6.966292858123779E-7
1.4647841453552246E-5
7.312744857879139E-6
2.5514513708913E-5
2.2951513528823853E-5
6.303191184997559E-6
1.7970800399780273E-5
2.2061169147491455E-5
5.11854887008667E-6
4.7460198402404785E-5
3.854930400848389E-5
6.505846977233887E-5
3.121793270111084E-6
1.0050833225250244E-5
6.396323442459106E-5
2.3543835141026648E-5
4.010647535324097E-5
8.003413680057747E-5
7.316470146179199E-5
8.240342168619463E-6
3.87728214263916E-5
4.370510623630253E-5
4.723668098449707E-6
1.3937056064605713E-4
3.129243850708008E-5
7.651746275882942E-5
4.2438507080078125E-5
9.403589018575076E-14
3.0564439867930585E-13
5.635492072997295E-13
1.099120794378905E-13
5.218048215738238E-13
5.921929613350585E-13
1.2636558466283532E-12
4.736211423050918E-13
3.375077994860476E-14
5.211386877590485E-13
3.2454729080200195E-5
1.0329484939575195E-4
2.6044249534606934E-4
3.803074359893799E-4
6.0945749282836914E-5
1.6817450523376465E-4
1.4156103134155273E-5
2.841651439666748E-4
1.7324090003967285E-4
3.126859664916992E-4
3.8194657827261835E-4
2.8830766677856445E-4
3.427267074584961E-5
2.944469451904297E-5
2.576112747192383E-4
9.042024612426758E-5
3.340840485179797E-4
1.7404556274414062E-5
3.2395124435424805E-4
5.788803100585938E-4
0.001276254653930664
0.0011354684829711914
5.255937576293945E-4
0.0011895897332578897
7.921457290649414E-4
6.711483001708984E-4
0.0011583566665649414
6.061792373657227E-4
0.001258254051208496
8.947849273681641E-4
0.0029943007975816727
0.002309799427166581
1.1944770812988281E-4
0.0023107528686523438
2.875328063964844E-4
2.970695495605469E-4
0.0016319752903655171
0.0022287368774414062
1.385211944580078E-4
0.0012161750346422195
1.0260237104376178E-10
1.3065338134765625E-4
9.627854069549771E-12
2.490452288839151E-11
3.106492840743158E-11
1.1822010037576547E-10
4.072120418641134E-11
9.15179043659009E-12
1.7550405573274475E-12
4.050093593832571E-12
0.0031280517578125
0.007966995239257812
0.0047130584716796875
0.005122184753417969
7.925033569335938E-4
0.004412651062011719
0.004104615189135075
0.009732246398925781
0.0050678253173828125
0.00468069314956665
0.0014209747314453125
0.0051898956298828125
0.006963744759559631
0.008592605590820312
0.0019054412841796875
0.008531570434570312
0.00186920166015625
0.016958236694335938
0.0033798813819885254
4.749298095703125E-4
0.01849365234375
0.01531982421875
0.0029488801956176758
0.0026931781321763992
0.025943756103515625
0.0216522216796875
0.0388031005859375
9.72747802734375E-4
0.010021448135375977
0.04864907264709473
0.00140380859375
0.045635223388671875
0.06834423542022705
0.00565338134765625
0.052459716796875
0.00121307373046875
0.005462646484375
0.074554443359375
0.07761383056640625
0.00359344482421875
0.0108795166015625
0.003448486328125
0.070648193359375
0.006927490234375
0.0091552734375
0.121337890625
0.1397857666015625
0.0038299560546875
0.0669403076171875
0.003997802734375
5.151434834260726E-13
1.077804512306102E-12
1.1792788967568413E-12
1.7075230118734908E-12
2.5426327709965335E-12
1.1222134332911082E-12
3.9879211044535623E-13
1.091793322416379E-12
5.948574965941589E-13
4.4986236957811343E-13
0.1333160400390625
0.14019775390625
0.13873291015625
0.006317138671875
0.145355224609375
0.15686798095703125
0.138641357421875
0.156463623046875
0.233856201171875
0.118194580078125
0.3707275390625
0.42755126953125
0.43597412109375
0.32476806640625
0.43963623046875
0.911376953125
0.0208740234375
0.052001953125
0.31524658203125
0.5853271484375
0.0488283634185791
0.031494140625
0.0189208984375
0.1634521484375
0.3223876953125
0.8375244140625
0.27783203125
0.6243896484375
0.0230712890625
0.143798828125
1.08251953125
1.3193359375
1.289794921875
1.494140625
2.4423828125
2.12353515625
2.121337890625
3.07568359375
1.206787109375
0.779541015625
3.46826171875
0.75634765625
3.42041015625
2.40380859375
2.55419921875
4.08935546875
1.41162109375
0.45947265625
0.68212890625
2.08447265625
13.5146484375
11.2236328125
4.720703125
11.466796875
1.5537109375
0.7998046875
0.1983642578125
5.9833984375
0.19384765625
8.5693359375
2.611328125
4.5087890625
2.6484375
12.421875
9.654296875
9.49609375
5.3896484375
1.2587890625
2.447265625
17.3984375
2.0234375
2.87109375
2.03125
5.3126220703125
9.19140625
34.3515625
33.2890625
37.3359375
0.71875
5.87890625
66.7578125
44.4453125
71.9765625
42.3125
6.8515625
37.6640625
22.98046875
89.6953125
54.5234375
17.46875
34.5703125
78.5625
111.5625
20.609375
8.83203125
98.8984375
147.1484375
11.078125
86.4296875
148.453125
6.87805368215777E-12
3.625100220006061E-12
1.199040866595169E-13
2.0454749005693884E-12
1.7679191444130993E-12
6.767919558114954E-13
3.2240876635114546E-13
3.3084646133829665E-13
3.347544463849772E-12
2.993605363599272E-12
142.1875
14.40625
424.625
271.625
150.31298828125
448.78125
108.5
198.4375
143.21875
176.59375
194.5625
286.125
14.8125
529.59375
1030.4375
26.71875
532.875
101.0625
19.125
44.9375
2.9549696023423296E-12
4.5572434714813684E-12
4.2534864519439E-12
3.793410030539241E-12
7.265299473147024E-12
5.17541565159263E-12
7.274181257344284E-13
3.933742220851855E-12
4.04298816647497E-12
4.081179838522077E-12
1.4637180356658167E-11
3.1938895972416536E-12
8.864020628607253E-12
1.3077539051664644E-11
1.2301271112846838E-11
8.58157989114261E-12
4.575895218295045E-12
7.174705274337612E-12
2.235189811017335E-11
8.79296635503124E-12
1.743671873555286E-11
2.5394797376066808E-11
4.391154106997419E-12
2.1739055000580265E-11
2.497557716196752E-12
1.7958967646336532E-11
6.327383061943692E-12
1.361755153084232E-11
3.3445246572227916E-11
1.8346213437325787E-11
4.389733021525899E-11
4.588684987538727E-11
4.318678747949889E-11
1.7976731214730535E-12
2.344791028008337E-12
8.706280141268508E-11
3.5591085634223425E-11
3.113598268100759E-11
2.0605739337042905E-12
6.070166591598536E-11
2.0909851627948228E-10
8.355982572538804E-12
1.0420819762657629E-10
9.102052445086883E-11
1.8772539078788464E-11
1.3810108612233307E-10
8.684253316459944E-11
1.7678303265711293E-11
1.2644818525586743E-10
8.564882136852579E-11
