2.158828671383617E-13
1.942057625825555E-13
1.7766343951564068E-13
1.6525669721545458E-13
1.9031998199636746E-13
2.973732371458482E-13
3.6859404417555197E-13
1.1121659149182508E-13
2.54379850517239E-13
1.6653345369377348E-14
1.8906121113104746E-10
4.632738637155853E-12
3.4788172342814505E-11
2.290789780090563E-11
2.1790924620290753E-10
2.5229951461369637E-10
5.9685589803848416E-12
1.4409806681214832E-10
3.7897507354500714E-10
3.1187141757982317E-10
2.9194779926910996E-10
3.604441189963836E-10
4.382627594168298E-11
4.957882993039675E-10
3.049080987693742E-10
1.8491164155420847E-10
6.264144758461705E-11
4.4934722609468736E-10
3.888089850079268E-10
3.2576963349129073E-10
6.04018168814946E-10
8.593588063376956E-10
2.6420821086503565E-10
1.4767920220037922E-10
1.5385239748866297E-9
7.39305505703669E-10
1.626062839932274E-9
4.903313310933299E-10
1.8587797967489515E-10
2.1123014448676258E-10
8.278675522888079E-10
3.4788172342814505E-11
1.1004885891452432E-10
2.390834197285585E-9
2.9535840440075845E-10
1.0707026376621798E-9
5.75482772546827E-10
2.2939730115476153E-9
2.3762822820572183E-9
1.0097664926433936E-9
3.650711732916534E-9
8.868028089636963E-9
1.3455974112730473E-9
1.3774297258350998E-9
2.5829649530368103E-9
6.089067028370019E-10
2.218257577624172E-9
1.5115801943466067E-9
5.127276381244883E-9
7.757989806123078E-9
5.3159965318627656E-9
2.5065673980929665E-9
4.231878847349541E-9
5.302354111344774E-10
5.560650606639683E-9
3.747118171304464E-9
1.1805241229012609E-9
4.262801667209715E-9
4.029061528854072E-9
7.70887709222734E-9
2.203341864515096E-8
2.0494553609751165E-8
2.6848283596341077E-9
8.983988664112985E-9
8.452843758277595E-9
2.9085640562698245E-9
1.666921889409423E-8
2.6811903808265924E-9
8.370989235118032E-9
9.045834303833544E-9
2.6921043172478676E-9
8.330971468375564E-10
4.484900273382664E-8
7.556081982329488E-9
1.8444552551954985E-9
1.5279510989785194E-9
2.7124769985675812E-8
2.2264430299401283E-8
1.3849785318598151E-8
1.69893610291183E-9
3.1272065825760365E-8
7.935159374028455E-8
5.289621185511351E-9
1.2900272849947214E-8
1.7971615307033062E-9
6.912159733474255E-9
8.92032403498888E-9
1.3315002434023432E-9
5.8054865803569555E-8
1.2223608791828156E-9
6.490154191851616E-9
1.8873834051191807E-8
9.466020856052637E-8
5.365291144698858E-8
7.05913407728076E-8
3.2887328416109085E-9
1.7971615307033062E-8
8.686038199812174E-8
4.5780325308442116E-8
5.375477485358715E-8
3.7470027081099033E-13
7.793765632868599E-13
2.5252022695099196E-13
2.998712389512548E-13
3.4361402612148595E-14
2.8188562595232725E-13
3.120836922221315E-13
6.899480986533035E-13
5.361266985914881E-13
5.384581669432009E-13
2.716551534970302E-7
1.7642742022873326E-7
1.8559512682259083E-7
8.934875950217247E-8
2.1274900063980758E-8
2.270098775625229E-8
8.029746823023671E-8
1.382431946694851E-7
3.4371623769402504E-8
2.195010893046856E-7
3.398163244128227E-7
4.045432433485985E-7
8.667120712235743E-7
4.813773568645985E-8
3.149034455418587E-8
4.1385646909475327E-8
3.090826794505119E-8
3.946479410280035E-8
3.2962998375296593E-7
6.513437256217003E-8
5.963956937193871E-7
2.0710285753011703E-7
6.649643182754517E-7
1.216074451804161E-6
5.146721377968788E-7
9.778887033635997E-8
7.093185558915138E-7
2.500368282198906E-6
3.41096892952919E-8
6.568152457475662E-7
1.896638423204422E-6
1.5411060303458304E-6
2.92900949716568E-7
9.457580745220184E-7
4.002358764410019E-7
1.5301629900932312E-6
5.820766135755662E-8
2.066604793071747E-6
2.1629966795444489E-7
1.8698629009605838E-6
1.0747462511340178E-6
1.2964010309701735E-6
1.066364347934723E-6
3.1944364320413143E-7
2.216082066297531E-6
9.508803486824036E-7
2.359505742788315E-6
2.337619662284851E-7
3.718305379152298E-6
1.3597309589385986E-7
8.770264685153961E-6
4.7907233238220215E-6
1.4781951932718584E-5
4.240311682224274E-6
6.718561053276062E-6
4.949048161506653E-6
8.3213672041893E-6
9.064562618732452E-6
5.923211574554443E-7
6.170012056827545E-6
2.2651627674008523E-5
1.1947006214541034E-5
2.5901943558892526E-5
1.4249235391616821E-6
9.96328890323639E-6
1.2641772627830505E-5
3.3937395187422226E-6
1.809932291507721E-5
1.5553086996078491E-6
2.0252540707588196E-5
3.032386302947998E-5
1.6160309314727783E-5
3.1441450119018555E-6
1.0546296834945679E-5
6.817281246185303E-7
8.672475814819336E-6
6.303191184997559E-6
3.646686673164368E-5
1.817941665649414E-5
1.6551464796066284E-5
1.7352402210235596E-5
7.434189319610596E-5
1.0572373867034912E-4
4.994124174118042E-5
3.593415021896362E-5
7.038563671812881E-5
4.075467586517334E-5
3.237277269363403E-5
6.508082151412964E-5
1.6316771507263184E-6
8.128583431243896E-5
4.9173831939697266E-6
1.2701749804833184E-4
8.448958396911621E-5
2.238154411315918E-5
1.643151044845581E-4
4.926323890686035E-5
1.103430986404419E-4
8.48621129989624E-5
6.996095180511475E-5
1.0197398481182063E-12
6.190603585309873E-13
9.88875648033627E-13
1.645350522494482E-13
1.134425886561985E-12
9.877654250090018E-13
9.803269307440132E-14
3.15636405900932E-13
7.119860256921129E-13
1.2592149545298525E-12
3.253519535064697E-4
3.0642750789411366E-4
8.690357208251953E-5
2.88546085357666E-4
5.131959915161133E-5
1.1566281318664551E-4
3.0159950256347656E-5
2.51948833479787E-4
1.459420018363744E-4
1.3691186904907227E-4
7.545948028564456E-5
2.859830856323242E-4
5.143284797668457E-4
3.706216812133789E-4
3.485679626464844E-4
6.33537769317627E-4
4.368424415588379E-4
8.129477500915527E-4
3.2085180282592773E-4
4.9233436584472656E-5
0.0015500783920288086
0.0013437271118164062
5.4717063903808594E-5
0.0010497570037841797
5.649328231811523E-4
3.1256675720214844E-4
4.4465065002441406E-5
1.0299682639924868E-4
8.043050765991211E-4
5.7220458984375E-5
4.0531158447265625E-4
1.747608184814453E-4
0.0011034011840820312
0.002608776092529297
0.0015156269073486328
1.8096156418323517E-4
0.0011472702099126764
0.0026121139526367188
1.823902130126953E-4
3.468992654234171E-4
0.0015935897827148438
0.0020928457379341125
0.0012378692626953125
0.0022182464599609375
0.0025739669799804688
0.004395008087158203
0.0023789405822753906
0.0025262832641601562
0.0021271705627441406
0.0014896392822265625
7.591248722746968E-4
0.015952110290527344
0.003299720585346222
0.003070831298828125
7.2479248046875E-4
0.0051326751708984375
1.79290771484375E-4
2.3937225341796875E-4
0.0071201324462890625
1.9168853759765625E-4
0.019428253173828125
0.0116349458694458
0.019155502319335938
0.0088958740234375
0.014211654663085938
9.746556170284748E-4
0.004833221435546875
0.004848480224609375
4.024505615234375E-4
0.00135040283203125
0.05210113525390625
0.06393051147460938
0.033806562423706055
0.01869964599609375
0.0157930850982666
0.001262664794921875
0.018650056794285774
0.05213212966918945
0.016681909561157227
0.020275115966796875
0.08182525634765625
0.0390625
0.041595458984375
0.00791168212890625
0.0389251783490181
0.019439697265625
0.00540924072265625
0.00376129150390625
0.019828803837299347
0.0035247802734375
0.033817291259765625
0.01129150390625
0.13958740234375
0.03471565246582031
0.0075702667236328125
0.11420822143554688
0.0467529296875
0.1950225830078125
0.0186614990234375
0.151702880859375
2.114752817305998E-12
1.7963408538435194E-13
3.0324631694611526E-12
1.5574208589441696E-12
9.616751839303106E-13
1.545430450278218E-13
2.8266278206956566E-13
1.1528555887707626E-12
5.040412531798211E-13
1.1102230246251565E-13
0.275238037109375
0.01565563678741455
0.2660560607910156
0.00848388671875
0.3896789699792862
0.04767036437988281
0.1405029296875
0.10137939453125
0.267364501953125
0.32269287109375
0.821533203125
0.076416015625
0.65399169921875
0.33380126953125
0.41314697265625
0.3916015625
0.39495849609375
0.01788330078125
0.029296875
0.30939483642578125
0.841552734375
0.0684814453125
0.5556659698486328
0.1544189453125
0.556640625
0.6795654296875
0.097412109375
1.5968017578125
0.29345703125
0.3746337890625
0.53662109375
0.263916015625
0.289306640625
1.374755859375
1.927734375
2.740966796875
1.11767578125
1.92919921875
1.177978515625
1.48193359375
3.67578125
0.5771484375
1.7626953125
2.5458984375
0.509765625
5.125
0.505859375
0.3232421875
4.1455078125
0.49072265625
0.234375
8.7880859375
0.287109375
0.572265625
2.751953125
9.36328125
0.671875
5.2802734375
9.7451171875
3.298828125
7.44580078125
13.20703125
1.541015625
2.4375
31.1015625
2.45361328125
1.322265625
0.48828125
7.455078125
11.474609375
0.70703125
24.796875
11.4884033203125
7.1875
9.392578125
10.767578125
6.0009765625
16.7734375
34.9453125
26.33203125
9.97265625
103.484375
36.4375
2.21484375
8.796875
46.9609375
39.9765625
11.322265625
2.3984375
42.21875
84.671875
144.78125
2.515625
154.4765625
12.03515625
78.71875
82.765625
202.328125
14.33203125
80.4140625
2.19868567796766E-12
1.3677947663381929E-13
2.141398169897002E-12
3.296474204717015E-12
2.1866952693017212E-12
4.7766235411472735E-12
5.972999872483407E-13
5.914380096783134E-12
1.290523243824282E-12
3.851585717029593E-12
133.59423828125
6.75048828125
35.375
141.5
211.34375
15.09375
145.0625
7.0078125
7.03125
362.40625
446.8125
22.625
323.71875
239.75
396.5
343.5625
220.375
21.875
12.6875
224.25
9.825029678722785E-12
5.666578317686799E-12
5.644373857194296E-12
2.9469759965650155E-12
7.811529201262601E-12
6.123102025412663E-12
5.671907388205E-12
4.997779967652605E-12
1.680255934388697E-11
3.5278446830488974E-12
9.137579581874888E-12
1.6520118606422394E-12
2.7444713168734E-12
3.126388037344441E-13
7.581490990560269E-12
3.156053196562425E-11
9.992007221626409E-12
2.4442670110147446E-11
8.812506280264643E-12
9.594103289600753E-12
2.3415935856974102E-11
1.745092959026806E-11
1.8111734334524954E-11
1.2860823517257813E-12
1.7998047496803338E-11
3.26316751397826E-11
3.3448799285906716E-11
7.176481631177012E-13
2.645705876602733E-11
2.752642558334628E-11
7.180034344855978E-11
3.5626612771011423E-11
6.266986929404084E-12
6.922107331774896E-11
4.0664360767550534E-11
1.8061996343021747E-11
1.7102763649745618E-11
6.716049938404467E-11
7.382539024547441E-11
6.140510322438951E-11
10.107421875
1.8307844129594744E-10
5.204014996706974E-11
1.7848833522293717E-11
2.4101609596982624E-11
2.5504220957373036E-10
1.41824330057716E-10
28.95361328125
13.51171875
1.994140625
