3.0581093213299937E-13
1.8379742172669467E-13
2.755018435607326E-13
3.214095656289828E-13
2.4638624473993787E-13
1.559863349598345E-13
4.745093207247919E-13
1.5792922525292852E-13
1.637578961322106E-14
1.624256285026604E-13
9.640643838793039E-11
1.8775381249724887E-10
2.1927348825556692E-10
1.1294787327642553E-10
3.312550234113587E-10
1.527382664790176E-10
3.1633362596039764E-11
1.8667378753889352E-10
2.699778178794606E-10
5.5933924159035087E-11
3.9580072552785915E-10
2.497699824743904E-10
7.207745511550456E-11
3.888089850079268E-10
3.087166078331542E-10
3.318518793093972E-10
5.512674761121691E-10
6.087930159992538E-11
9.50990397541318E-10
4.077946869074367E-10
4.333742253948003E-10
9.686118573881686E-11
6.360778570524417E-10
6.059508450562134E-11
9.93054527498316E-10
8.259348760475405E-10
1.1192469173693115E-9
8.496954251313582E-10
8.404867912759073E-10
1.0261373972753063E-9
1.0536496120039374E-9
2.0249899534974247E-9
4.0336090023629367E-10
1.3851604308001697E-9
1.1018528311979563E-9
5.388756108004666E-10
1.6550529835512862E-9
2.573870006017387E-10
2.002707333303988E-9
1.457010512240231E-9
6.894879334147345E-9
7.266862667165697E-10
4.327830538386479E-9
1.2369127944111824E-10
5.4442352848144425E-9
1.5043042367324233E-9
2.4101609596985245E-10
9.426912583876401E-10
7.189555617523733E-10
4.421963240019977E-9
4.729372449220286E-10
4.177309165256612E-9
3.406967152841389E-9
1.4051693142391741E-8
2.1100277081131935E-10
2.328306436555637E-10
5.222318577580154E-9
9.922587196342647E-9
2.0609149942174554E-9
8.638380677439272E-9
2.1827872842550278E-8
1.7298589227721095E-8
7.972630555795699E-9
3.623426891863346E-9
2.1009327612038844E-9
6.093614501878619E-10
3.6197889130562544E-10
7.590642780996859E-9
1.4726538211107254E-8
9.142240742221475E-9
1.9001163309467122E-8
4.6202330850064754E-9
3.714376362040639E-9
9.673385648056865E-9
2.0892912289127707E-8
1.7815182218328118E-8
1.2769305612891912E-8
1.5825207811120002E-9
3.049353836104274E-8
1.7666025087237358E-8
3.5033735912293196E-8
5.0640664994716644E-8
2.7976057026535273E-8
1.697480911389671E-8
6.909976946212361E-8
3.899913281549261E-8
3.381137503397774E-8
2.673914423212409E-8
5.406764103099704E-8
7.075141184031963E-8
1.2623786460608244E-7
5.116453394293785E-8
1.3093813322484493E-7
7.159542292356491E-8
6.788468454033136E-8
6.720074452459812E-8
8.706410881131887E-8
1.0029179975390434E-7
7.938069757074118E-8
9.659561328589916E-8
3.982369989330437E-13
2.3514523661560826E-13
7.127631818093505E-14
5.002109837448643E-13
5.758171717218374E-13
1.4876988529977098E-14
1.482147737874584E-13
6.389888618230088E-13
3.059219544354619E-13
5.566658245470535E-13
4.238099791109562E-7
3.507011570036411E-8
5.462206900119781E-7
2.0547304302453995E-8
3.2974639907479286E-8
5.3551048040390015E-9
1.291045919060707E-7
9.100767783820629E-8
4.394678399682363E-8
2.229644451290369E-7
8.038477972149849E-8
1.6239937394857407E-8
7.78818503022736E-8
5.281763151288575E-7
1.933658495549724E-7
1.2980308383703232E-8
3.573950380086899E-7
2.533779479563236E-7
1.594889909072375E-8
4.237517714500427E-8
6.14440068602562E-7
1.2130476543248392E-6
8.085044100880623E-7
1.6228295862674713E-7
3.987224772574686E-7
1.4959368854934596E-7
2.3690517991781235E-7
1.2731179594993591E-6
1.5355180948972702E-6
1.1861557140946388E-6
1.3528733688872308E-11
1.953449100255966E-6
2.439599484205246E-6
9.918585420348736E-8
3.294553607702255E-7
1.0172370821237564E-6
1.9514345694915557E-10
2.0190782379359007E-10
8.029132914089132E-11
1.2408918337317037E-10
2.499204136086064E-6
3.3574178814888E-7
3.757886588573456E-7
3.7066638469696045E-7
1.2437813001753284E-6
3.702007234096527E-7
5.024485290050507E-7
3.213062882423401E-7
4.095025360584259E-6
1.2121163308620453E-6
2.1317973732948303E-6
9.229406714439392E-6
4.7869980335235596E-6
7.420778274647155E-6
2.0684674382209778E-6
9.470619261264801E-6
2.2444874048233032E-6
5.42122873525841E-6
6.1979517340660095E-6
1.599080889036486E-6
9.646639284710545E-6
2.2137537598609924E-5
9.145587687164891E-7
1.1451542377471924E-5
1.4156103134155273E-6
1.0102987289428711E-5
9.113922715187073E-6
4.449859261512756E-6
1.30385160446167E-5
9.182840585708618E-7
2.5551766158926625E-5
2.6188790799963613E-5
1.8253922462463379E-6
3.1482428312301636E-5
9.849668003880652E-6
2.5153160095214844E-5
9.492039680480957E-6
1.8894672393798828E-5
1.615285873413086E-5
2.9530376195907593E-5
3.4153461569985666E-5
4.018843173980713E-5
4.018843356590196E-5
1.7330050468444824E-5
2.2761523723602295E-5
2.199411392211914E-5
7.244199514389038E-5
1.8909573554992676E-5
5.529820919036865E-5
4.298985004425049E-5
1.4632940292358398E-5
1.2305378913879395E-4
1.7084181308746338E-4
1.4230608940124512E-5
6.407499313354492E-6
1.3589859008789062E-5
1.7017126083374023E-5
7.61896517360583E-5
1.1338294279994443E-4
1.4244019985198975E-4
1.6420198534206065E-13
8.515410598874951E-14
2.536082455151245E-12
1.2548850847338144E-12
1.147970607462414E-13
5.980771433655718E-13
1.3876677584789834E-12
9.32032229172819E-13
1.1834977442504169E-13
9.980904991380161E-13
1.7946958543291203E-4
1.398921012878418E-4
1.5273690223693848E-4
7.030367851257324E-5
8.970499038696289E-5
4.242360591888428E-4
2.956390380859375E-5
1.6888976097106934E-4
7.450580596923828E-6
2.2339820861816406E-4
3.88741493679845E-4
3.2526254653930664E-4
1.2952095130458474E-4
3.802776336669922E-4
3.1763315200805664E-4
1.3947486877441406E-5
2.6702880859375E-5
3.070831298828125E-4
2.6088953018188477E-4
3.037452697753906E-4
0.00259864330473647
7.659196853637695E-4
8.0108642578125E-5
5.755424499511719E-4
1.112222671508789E-4
0.0011605026666074991
0.001183629035949707
3.8707267958670855E-4
1.8596649169921875E-5
9.012222290039062E-5
1.7118453979492188E-4
0.0029883384704589844
2.4247169494628906E-4
0.0012853145599365234
1.1873245966853574E-4
2.2363662719726562E-4
0.0036852359771728516
5.364418029785156E-5
0.0016486644744873047
0.0016894340515136719
0.0031690597534179688
0.002389434725046158
0.004487991336645791
0.002586841583251953
0.0025763511657714844
1.2636184692382834E-4
3.032684326171875E-4
2.2077560424804688E-4
0.004551410675048828
0.002838611602783203
0.008492469787597656
0.012456893920898438
3.156663151457906E-4
5.216598510742188E-4
0.015214920043945312
0.004151344415731728
0.003364596515893936
0.005120277404785156
0.004128456115722656
0.013250380870886147
0.014802932739257812
0.008184432983398438
0.008207380771636963
0.025831222534179688
0.014547348022460938
4.61578369140625E-4
0.008230209350585938
0.0302581787109375
0.02442169189453125
5.28335578565021E-4
0.022716999053955078
0.01059722900390625
0.004253387451171875
0.018451690673828125
0.020260095596313477
0.034755706787109375
5.68389892578125E-4
0.020595550537109375
0.01749420166015625
0.002941131591796875
0.001121528446674347
0.00180816650390625
0.0650186538696289
0.001716621220111847
0.00991058349609375
0.004264838993549347
0.08585357666015625
0.0388946533203125
0.00572967529296875
0.10437774658203125
0.017227202653884888
0.0964508056640625
0.277435302734375
0.03253936767578125
0.0182952880859375
0.011703521013259888
0.0738677978515625
0.0882568359375
0.0666961669921875
0.1572418510913849
4.567901612517744E-12
1.3795631303992195E-12
3.041566998263082E-12
1.2534417948018017E-12
1.176836406102666E-13
2.0334844919034367E-12
1.0860201626883281E-12
3.630429290524262E-13
1.420641382310352E-12
2.831068712794149E-13
0.458343505859375
0.20849609375
0.02581787109375
0.026947021484375
0.2554931640625
0.22357177734375
0.2892456203699112
0.40386962890625
0.218963623046875
0.185577392578125
0.1376953125
0.7650146484375
0.041259765625
0.399658203125
0.417724609375
0.33099365234375
0.9293212890625
0.109649658203125
0.3438720703125
0.29473876953125
0.6259765625
0.4373798370361328
0.0914306640625
0.6875
1.26708984375
0.5983982086181641
0.7496337890625
0.396728515625
0.0345458984375
0.035888671875
1.1181640625
0.134765625
0.0375981330871582
1.691162109375
2.66845703125
0.5583572387695312
0.91064453125
1.82421875
0.0810546875
0.193603515625
2.27587890625
0.119140625
1.21484375
4.3525390625
2.6240272521972656
1.0302734375
0.6650390625
1.35009765625
0.142578125
2.3466796875
4.5146484375
8.8271484375
6.8623046875
5.75390625
4.2587890625
3.701171875
2.9033203125
3.97265625
6.728515625
5.2861328125
8.380859375
9.486328125
1.5732421875
1.0546875
29.91796875
0.47265625
8.505859375
0.55859375
1.85546875
2.994140625
28.00390625
50.11328125
20.57861328125
17.25
62.17578125
21.26953125
18.3046875
15.828125
17.8828125
20.720703125
49.0078125
1.9140625
45.5625
6.1796875
41.0390625
27.15625
57.796875
1.9609375
36.431640625
27.53125
15.390625
109.546875
133.0
9.828125
175.8125
256.46875
39.40625
147.125
3.609375
15.9375
1.241673430740775E-12
2.402522625288846E-12
1.9810819651411293E-12
4.105160655853979E-12
2.2470914018413168E-13
3.779199175824033E-13
6.59472476627343E-13
3.2298608232395054E-12
2.1809221095736575E-12
7.003286839335487E-13
44.125
188.0625
5.4375
9.15625
133.90625
261.125
215.7890625
285.21875
5.375
10.8125
367.9375
743.375
52.375
203.0625
598.5
19.625
276.8125
141.9375
270.6875
605.8125
8.441247700829993E-12
8.01048116727543E-12
3.0198066269804258E-12
4.150457755258685E-12
7.766232101857895E-12
5.303313344029448E-12
1.8881785024404962E-11
1.0507150705052481E-12
2.708944180085382E-12
9.373835041515122E-12
2.042810365310288E-12
1.7362111748298048E-11
1.4281908988778014E-12
3.533173753567098E-12
7.844391802791506E-12
1.6859402762747777E-11
1.9523938021848153E-11
1.5576873124700796E-11
1.9202417433916708E-11
1.2777334745806002E-11
3.137046178380842E-11
6.540545882671722E-12
1.2583711850311374E-11
1.4388490399142029E-12
5.154987547939527E-12
1.942979110935994E-11
4.569500333673204E-11
2.6560087462712545E-11
1.0913936421275139E-11
3.325695274725149E-11
3.171862772433088E-11
3.1960212254489306E-11
2.0463630789890885E-11
6.473044322774513E-11
9.966072411771165E-11
1.7337242752546445E-11
3.927880243281834E-11
4.632028094420093E-11
1.1269207789155189E-11
1.6299850358336698E-11
3.0780711313134183E-11
1.5265300135070326E-10
2.2644996988674393E-10
4.079936388734495E-11
1.6333956409653183E-10
3.389288849575719E-11
1.4524914604407968E-10
1.5781154161231825E-10
8.37019342725398E-12
4.359890226623975E-11
