2.56322740810333E-13
2.473576898864849E-13
2.517153152581386E-13
1.3722356584366935E-13
3.03368441478824E-14
3.5080272020593384E-13
7.29416527178728E-14
3.4389158187764224E-14
1.706690344605022E-13
1.433297924791077E-13
1.5177192835842357E-11
2.487752226443263E-10
1.227249413204845E-10
2.958699951705057E-11
3.1946001399774104E-11
2.892193151637912E-10
1.9835511011478957E-10
3.7417180465126876E-10
1.4495071809506375E-10
1.9525714378687553E-11
4.3087311496545415E-11
3.225864020350855E-10
7.509584065701347E-10
1.5205614545266144E-10
2.792717168631531E-10
2.708588908717502E-10
8.636220627522562E-10
1.0034568731500556E-9
2.6358293325759323E-10
2.9672264645341784E-10
8.71978045324795E-11
2.914930519182235E-10
2.1009327610954642E-10
7.67158780945465E-10
1.0855956134041366E-9
1.2130385584896596E-10
5.90375748288352E-10
1.09241682366701E-9
7.597691364939834E-10
6.331219992716797E-10
1.134594640461728E-10
2.625029082992115E-9
2.0952484192093834E-9
3.6220626498106867E-10
2.422893885523081E-9
1.4092620403971523E-9
2.3346728994511068E-9
1.1245901987422258E-9
9.952145774150333E-10
3.311697582830675E-9
1.99861460714601E-9
1.1887095752172205E-9
4.190951585769653E-9
5.4324118536897E-9
2.368324203416745E-9
3.4679032978601754E-9
2.6693669497035444E-10
6.921254680491984E-10
2.5675035431049764E-9
2.5443114282097667E-9
5.061338015407003E-9
8.60018189996481E-9
4.437424649950117E-9
3.052264219149947E-9
3.851710062008351E-9
1.293301465948209E-9
3.0831870390102267E-10
2.2373569663614035E-10
8.790266292635351E-9
3.1732270144857466E-9
9.489667718298733E-9
1.7953425412997603E-9
1.5545083442811733E-8
8.274582796730101E-9
8.316419553120076E-9
1.4804754755676566E-8
2.3776010493748366E-8
3.3542164601385593E-9
5.529727786783639E-10
1.0368239600211382E-8
2.0616425899788737E-8
1.558873918838799E-8
1.656735548749566E-8
1.1903466656805779E-8
9.85892256722066E-10
7.732523954516804E-8
4.0767190512378156E-8
2.0263541956042942E-9
1.601438270881772E-8
1.800799509510398E-9
4.1021849028766155E-8
3.874447429552674E-8
5.806214176118374E-9
6.909976946276736E-8
7.182097761047196E-8
5.2001269068568945E-8
9.641371434554458E-8
7.03730620443821E-8
3.3687683753745495E-9
1.4231045497581363E-7
1.2424425221979618E-7
3.7922291085124016E-8
8.396455086767673E-8
1.5337718650725767E-8
1.9480648916908594E-7
7.799826562404633E-8
7.712515074503878E-9
7.363269105553627E-8
2.935121301561594E-8
3.7398422137038334E-9
2.8804736373899686E-13
3.7181369094696493E-13
2.6856294965682537E-13
2.6939561692529423E-13
3.0347946378128654E-13
6.578626532416365E-13
5.555556015224283E-13
4.869438186005937E-13
6.936118346345665E-13
1.2290168882600483E-13
2.2992026060819626E-8
4.627509042620659E-9
5.176989361643791E-7
3.232271410524845E-7
8.227652870119973E-8
2.5669578465614684E-7
1.731386873871088E-7
6.111804396022498E-9
5.6461431086063385E-9
1.516309566795826E-8
1.3853423297405243E-8
7.729977369308472E-8
2.6694033294916153E-7
2.8818612918257713E-7
3.0954834073781967E-7
9.470386430621147E-8
1.5157274901866913E-7
2.980814315378666E-7
7.136259228034472E-8
7.628696039319038E-7
5.273614078760147E-7
6.544869393110275E-7
1.250184141099453E-6
1.5471596271354748E-6
9.832438081502914E-7
1.5568220987915993E-6
5.690380930900574E-7
3.934837877750397E-8
1.0721851184669617E-7
8.00820999735663E-7
2.998858690261841E-7
1.962995156645775E-6
1.2798700499416782E-6
2.4493783712387085E-7
3.7089921551825E-6
1.1881347745656967E-6
1.3175886124372482E-6
1.559499651637708E-6
1.073349267244339E-7
2.0870938897132874E-6
4.178844392299652E-6
2.132728695869446E-6
5.207490175962448E-6
3.4547410905361176E-6
1.0617077350616455E-7
4.2775645854309374E-6
3.058928996324539E-6
3.2568350434303284E-6
2.932734787464142E-6
1.166015863418579E-6
3.997236490249634E-6
1.2463890016078949E-5
5.0300732254981995E-6
6.938353180885315E-7
1.6475096346058038E-6
3.589317202568054E-6
4.257075488567352E-6
8.675269782543182E-6
1.0766088962554932E-6
7.795169949531555E-7
9.095296263694763E-6
8.139759302139282E-6
1.8663705532162567E-6
1.1997297406196594E-5
1.7443671822547913E-5
1.3811513781547546E-5
1.0462477860073705E-5
4.172325134277344E-7
1.829117536988889E-6
2.1366402620515146E-5
8.489936590194702E-6
8.340924978256226E-6
4.385039210319519E-5
1.6961246728897095E-5
2.980232693516882E-6
2.2239983099581195E-6
5.469471261676517E-5
2.9206275939941406E-6
6.277114152908325E-6
1.8164515495300293E-5
7.022172212600708E-5
1.33514404296875E-5
2.8304755687713623E-5
3.2238662242889404E-5
2.7760863360981602E-5
1.1479109525680542E-4
1.1235475540161133E-5
6.91413880105074E-6
1.2949109077453613E-5
4.418195203470532E-6
2.2241473561734892E-4
1.412928177160211E-4
4.51505184173584E-5
7.3909759521484375E-6
1.0415913493488915E-5
4.214048385620117E-5
3.680587326471141E-6
1.1482834815979004E-4
4.410743741800616E-6
6.80088996887207E-5
3.4139358007223564E-13
6.895595205946849E-13
5.691003224228552E-13
6.897815651996099E-13
8.409939411535561E-13
3.4494629375103614E-13
5.473399511402023E-13
5.35682609381638E-13
3.65374397404139E-13
1.0236256287043984E-13
2.595484256744385E-4
1.9741058349609375E-4
2.1070241928100586E-5
2.340078353881836E-4
2.6795268058776855E-4
1.665949821472168E-4
2.6744604110717773E-4
2.353191375732422E-4
1.5103816986083984E-4
4.398822875373298E-5
3.1298259273171425E-7
3.647804260253906E-5
5.352497100830078E-4
5.25415176525712E-4
2.7245283126831055E-4
2.608299255371094E-4
6.414055824279785E-4
1.5252829325618222E-4
4.5418739318847656E-5
1.6105175018310547E-4
5.027055740356445E-4
8.741617202758789E-4
6.567239761352539E-4
8.322000503540039E-4
3.3974647521972656E-4
0.001016020776660298
5.319118499755859E-4
0.001017928123474121
2.2649765014648438E-5
0.0011970996856689453
2.2602081298828125E-4
9.810924530029297E-4
0.002461671829223633
8.351802825927734E-4
0.0012562274932861328
4.0602684020996094E-4
0.0012958049774169922
0.0012216577306389809
0.0016317367553710938
3.910064697265625E-5
1.3065338134765625E-4
1.02996826171875E-4
6.21795654296875E-4
0.0075693130638683215
0.004396915435791016
0.00130462646484375
0.0036911964416503906
4.61578369140625E-4
7.576942443847656E-4
0.0039043501019477844
0.006408691639080644
0.006177904084324837
0.0026712417602539062
0.00857353222090751
0.0012903213500976562
8.792877197265625E-4
0.0022077560424804688
1.7070770263671875E-4
0.006312370300292969
0.0014638900756835938
0.019136428833007812
0.010120391845703125
0.0092620849609375
0.030757904052734375
0.017566680908203125
0.013690948486328125
0.00827789306640625
0.004367828369140625
0.025928497314453125
0.0011920928955078125
0.05326080322265625
0.027229785919189453
0.017963409423828125
0.0058519840240478516
0.03218841552734375
0.03394722938537598
0.022396087646484375
0.048503875732421875
0.04470825381577015
0.034114837646484375
0.047618865966796875
0.04071807861328125
0.04177093505859375
0.017548561096191406
0.10822296142578125
0.048553466796875
0.12531280517578125
0.017768867313861847
0.044717788812704384
0.06734085083007812
0.07368472218513489
0.003936767578125
0.1331634521484375
0.1114044189453125
0.0047152042388916016
0.2650909423828125
0.0933990478515625
0.026737213134765625
0.144439697265625
0.1414031982421875
1.468380972369232E-12
6.732392421326965E-13
3.672617765460018E-12
2.5268676040468563E-12
7.738254481637345E-13
1.1435297153639112E-13
4.816147480823929E-13
1.0877965195277284E-12
4.000355602329364E-12
1.212807632100521E-12
0.5181884765625
0.408111572265625
0.17071533203125
0.1336669921875
0.13079833984375
0.21429443359375
0.010498046875
0.172393798828125
0.17864990234375
0.153167724609375
0.37646484375
0.017704010009765625
0.072265625
0.2979736328125
0.27667236328125
0.1103515625
0.750244140625
0.8262939453125
0.07257080078125
0.39154052734375
1.701294183731079
0.09021186828613281
0.095947265625
1.190185546875
0.18994140625
1.435546875
0.8470458984375
0.0347900390625
0.448974609375
0.7611083984375
1.23583984375
1.05859375
0.663818359375
0.286376953125
1.421875
1.39404296875
0.27587890625
1.706787109375
0.077880859375
2.7163095474243164
2.615234375
0.5126953125
4.29931640625
0.068359375
0.0947265625
2.546905517578125
0.2265625
3.95947265625
0.11328125
0.31298828125
9.5078125
9.8349609375
1.3076171875
2.5947265625
0.9083251953125
5.1396484375
6.2177734375
1.01953125
6.400390625
2.46875
24.0859375
8.986328125
14.1201171875
17.712890625
8.970703125
8.42578125
8.517578125
0.88671875
14.68359375
8.951171875
16.9609375
19.72265625
18.92578125
34.74609375
19.27734375
27.25390625
4.70703125
20.1376953125
1.0556640625
0.7734375
72.0078125
65.953125
1.96875
9.9140625
9.7109375
16.16796875
40.3515625
47.3525390625
31.1328125
26.953125
12.6796875
32.125
201.703125
16.66015625
19.546875
173.0625
109.984375
151.4296875
74.80078125
31.796875000000007
2.1462831512053526E-12
1.6986412276764895E-12
2.354116901415182E-12
4.630962280316453E-12
3.072209153742733E-12
2.1382895454280515E-12
4.886757665190089E-12
4.066080805387173E-12
2.8652635819526056E-12
2.0263790645458357E-12
6.46875
138.71875
185.46875
226.125
15.3125
213.5625
24.6015625
203.46875
215.890625
367.75
290.8125
17.6875
21.4375
33.12500000000003
700.875
591.953125
639.875
181.25
116.25
342.1875
9.166001291305292E-13
6.870948254800169E-12
1.1368683772161603E-12
5.3237414476825765E-12
9.952927371159655E-12
4.390265928577719E-12
1.9753088054130785E-12
7.581490990560269E-12
9.142020473973389E-12
5.616840326183592E-12
9.487521879236738E-12
3.0713209753230848E-12
1.8847146066036657E-12
7.968736781549524E-12
9.620748642191757E-12
9.83746417659869E-12
7.988276706782926E-12
9.981349080590007E-12
1.8570034399090218E-11
1.3073986337985843E-12
3.8440362004625556E-12
4.813927034774679E-12
1.6889600829017995E-11
1.7259083051612834E-11
2.857802883227123E-11
1.4839685036349692E-11
1.9817036900349246E-11
5.708855610464525E-11
2.8418156716725207E-11
4.914113560516853E-11
4.241940132487798E-12
3.838351858576061E-11
6.678391173409182E-11
7.167244575612296E-11
3.660005631900276E-11
2.0556001345539705E-11
3.765165956792771E-11
1.7266188478970848E-11
3.6571634609572357E-11
1.6996182239381596E-11
2.013678113144124E-11
2.5715962692629877E-10
1.0122391813638387E-10
2.17710294236895E-11
5.215383680479797E-11
4.439471013029106E-11
7.896971965237753E-11
6.609468528040452E-11
2.1259438653942198E-11
1.3739054338657297E-10
