2.173261570703744E-14
2.0644597142904788E-13
4.200806369425436E-13
2.9032332093947844E-13
1.4893641875346475E-13
2.67619260085894E-13
1.261490911730334E-13
1.9811929874435918E-13
1.0433320873914909E-13
1.2145839889399213E-13
3.106777057837462E-10
2.5715962692629546E-10
1.3844214663549792E-10
3.1377567211166355E-10
1.823536877054721E-10
2.2671997612633277E-10
7.247535904753022E-12
1.389821591146756E-10
2.738431703619426E-10
4.985167834092873E-11
5.7127635955191464E-11
2.7557689463719726E-10
3.183231456205249E-10
2.974616108987142E-10
1.5637624528608616E-10
5.640572453557979E-10
3.149693839077372E-10
4.2234660213580355E-11
5.7616489357315E-10
1.588205122970976E-10
1.2577174857142381E-9
5.592255547526293E-10
8.178631105693057E-10
1.0999201549570586E-9
3.9938186091646063E-10
9.736140782479197E-10
1.8380887922830896E-9
1.737134880386293E-9
1.2001919458271004E-9
5.002220859751105E-10
8.378719940084226E-10
2.608430804684758E-9
2.438582669128664E-9
6.955360731808469E-10
3.1438958103535697E-9
1.3915268937125802E-9
1.9940671336371452E-10
8.737970347283474E-10
1.407897798344493E-9
4.706635081722549E-11
4.412413545653055E-9
2.2050699044484645E-9
1.959506334973162E-9
1.2569216778501868E-9
6.986738299021329E-9
1.9836079445667565E-9
9.231371222995552E-11
6.01175997871932E-10
5.297806637827307E-10
8.544702723156661E-10
7.144990377135006E-9
1.8735590856522322E-10
2.455635694786906E-10
1.874468580354005E-9
3.9835867937655316E-9
4.375579010229558E-9
5.098627298139036E-9
2.1582309273207112E-9
1.0129042493645102E-8
4.396497388399134E-9
1.5414116205647588E-8
9.034920367412693E-9
4.522007657215423E-9
1.3405951904137197E-9
1.0733856470324099E-8
1.0017174645327032E-8
1.0350049706189476E-8
1.8941136659123003E-8
4.825778887607157E-9
2.2519088815897703E-9
4.6500645112246275E-8
2.4348992155864835E-8
3.154491423629224E-8
4.305911716073921E-8
1.953958417332327E-8
1.8186256056651473E-8
5.573383532681345E-9
3.238528734073043E-8
3.789318725466728E-8
8.803908713297471E-10
1.1548399925231934E-7
3.6030542105436325E-8
6.474874680861831E-8
5.093170329928398E-9
9.087671060115099E-9
3.694731276482344E-8
1.497392076998949E-8
3.0486262403428555E-8
1.877197064459324E-9
8.338975021615624E-8
1.0040821507573128E-8
9.936047717928886E-8
1.7121783457696438E-7
6.31262082606554E-8
7.30506144464016E-8
5.200854502618313E-8
1.409644028171897E-7
2.8667272999882698E-8
3.5652192309498787E-9
3.899913281202316E-9
3.8652414602324825E-13
5.6754601018838E-13
1.4049872376631356E-13
3.6798342151200814E-13
2.1266322036694874E-13
7.661093981425893E-13
1.3894441153183834E-13
2.032263246576349E-13
1.0486056467584605E-13
5.4944937488699E-13
3.406021278906657E-7
5.184265319257975E-7
2.0168954534272032E-8
1.8801074475743862E-7
8.195638656616211E-8
3.763125278057023E-8
2.4717883206903934E-7
3.8641155700180896E-7
3.050081431865692E-8
1.1143856681883335E-7
1.4650868251919746E-7
1.1280644685029984E-7
8.207280188798904E-9
2.5442568585276604E-7
5.064648576080799E-7
1.682201400399208E-8
1.3213139027357101E-8
2.7706846594810486E-7
3.030872903764248E-7
4.016910679638386E-7
2.6763882488012314E-7
5.981419235467911E-7
8.812639862298965E-8
1.1513475328683853E-6
1.1335359886288643E-6
5.797483027675243E-8
1.09116081148386E-6
5.468027666211128E-7
1.4579854905605316E-6
1.026783138513565E-7
2.114567905664444E-6
3.473833203315735E-6
1.0167714208364487E-6
5.941838026046753E-7
3.0787196019232965E-6
1.7352867871522903E-6
2.691289409995079E-6
1.977197825908661E-6
1.7788261263973482E-7
1.6330741345882416E-6
1.4030374586582184E-6
2.5522895175100757E-6
2.1792948246002197E-7
2.390239387778381E-6
2.625398337841034E-6
2.0922161638736725E-6
2.468004822731018E-6
3.1134113669395447E-6
2.251937985420227E-6
2.2756867110729218E-6
7.385388016700745E-7
4.082918167114258E-6
1.3774260878562927E-6
3.0919909477233887E-6
2.580694854259491E-6
6.100162863731384E-7
2.505257725715637E-7
2.5797635316848755E-7
1.348741352558136E-5
2.7474015951156616E-7
1.2267380952835083E-5
2.524256706237793E-5
3.165006637573242E-5
9.378418326377869E-6
6.5695494413375854E-6
8.950010169872513E-6
3.748573362827301E-5
3.688037395477295E-7
1.0501593351364136E-5
1.287087798829134E-5
2.8721988201141357E-6
2.4721026420593262E-5
3.907456994078906E-5
2.6371330250185565E-5
1.6476958990097046E-5
8.132308721542358E-6
2.571195363998413E-5
5.0280243158340454E-5
3.3114105463027954E-5
2.403557300567627E-5
7.480383828806225E-6
1.1326372624154146E-4
1.3560056686401367E-6
6.635487079620361E-5
4.248321056365967E-5
3.972649574279785E-5
3.250688314437866E-5
3.6209821701049805E-6
9.007751941680908E-6
7.212163836811669E-6
1.4409422874450684E-5
1.0243058204650879E-4
1.4472007751464844E-4
1.6976892948150635E-4
7.268786794156767E-5
7.927417755126953E-5
2.4899840358472147E-5
9.82433557510376E-5
2.0712614059448242E-5
1.245737078647835E-5
1.4455103780619538E-13
3.894662370385049E-13
5.195843755245748E-14
4.0445424787094453E-13
5.936362512670712E-13
5.622169396701793E-13
3.660405312189141E-13
5.424549698318516E-13
4.82280881897168E-13
5.832001548355947E-13
2.5719404334267906E-5
1.0013580322265625E-5
5.629658699035645E-4
1.838207263062941E-4
9.447336196899414E-6
7.271766676808511E-6
1.2958049819644657E-4
2.0518900419119745E-4
8.45789909362793E-5
9.292364120483398E-5
4.7087669372558594E-5
3.9273500442504883E-4
6.445050239562988E-4
3.1501054763793945E-4
5.186796188354492E-4
0.0010683536529541016
2.608299255371094E-4
4.5871734619140625E-4
2.9212236404418945E-4
4.603862762451172E-4
0.0024508237838745117
2.497434616088867E-4
2.3365020751953125E-5
6.455183029174805E-4
8.291010744869709E-4
0.0018203258514404297
5.682706832885742E-4
1.1134170927107334E-4
8.547306060791016E-5
0.0011032819747924805
4.2152428068220615E-4
0.0031566619873046875
1.2683868408203125E-4
0.0013997554779052734
0.0012042522430419922
0.0033605117350816727
2.522468566894531E-4
1.7452239990234375E-4
0.001354217529296875
0.0019490718841552734
0.0043773651123046875
0.0046291351318359375
0.011949069797992706
0.002109527587890625
0.003090381622314453
0.0031337738037109375
0.004609107971191406
0.002298355131642893
0.0022974014282226562
4.3010711669921875E-4
0.007415771484375
0.011483192443847656
0.0110626220703125
3.824235172942281E-4
0.002902984619140625
9.632110595703125E-4
2.193450927734375E-4
0.0048427581787109375
0.0012674331665039062
0.00482940673828125
0.010484695434570312
0.010736525058746338
0.01760876178741455
0.009256362915039062
0.0027008056640625
3.147129900753498E-4
0.01808929443359375
9.021759033203125E-4
0.0029125213623046875
0.0262451171875
5.5694580078125E-4
0.007564544677734375
0.027072906494140625
0.01848602294921875
0.024944305419921875
0.02513885498046875
9.04083251953125E-4
0.0112762451171875
0.022045135498046875
0.08226776123046875
0.03588104248046875
0.06614971160888672
0.0239715576171875
0.06439208984375
0.06132698059082031
0.0344390869140625
0.08731269836425781
0.0110626220703125
0.0173187255859375
0.11771392822265625
0.15991973876953125
0.13323974609375
0.0189208984375
0.0057222843170166016
0.190582275390625
0.1673583984375
0.0907745361328125
0.0860748291015625
0.081573486328125
0.159088134765625
2.240874152903416E-12
7.458478279431802E-13
5.195843755245733E-13
4.3809400551708677E-13
1.9801937867214292E-12
1.1528555887707626E-12
1.6868728636154628E-12
6.94999613415348E-14
2.7204904995414836E-12
8.568701304056958E-13
0.1651611328125
0.008758544921875
0.163055419921875
0.021820068359375
0.383941650390625
0.163238525390625
0.0147705078125
0.21923828125
0.07720947265625001
0.0095292329788208
0.42236328125
0.2998046875
0.19879150390625
0.02032470703125
0.59417724609375
0.0224609375
0.7236939072608948
0.03564453125
0.53192138671875
0.1845703125
0.2783203125
0.053955078125
0.8477783203125
1.1522216796875
0.121826171875
0.10546875
0.12060546875
0.023561477661132812
0.0982666015625
1.126220703125
0.5751953125
2.12939453125
3.03173828125
2.358154296875
1.0458984375
3.39111328125
0.265869140625
1.53076171875
1.116943359375
1.56005859375
3.06591796875
3.51220703125
4.4912109375
2.34765625
0.18505859375
0.6923828125
0.85498046875
1.09375
4.50634765625
3.09765625
0.9892578125
0.6796875
1.44921875
1.962890625
8.724609375
6.7255859375
6.5908203125
7.2158203125
4.2529296875
11.087890625
20.318359375
5.556640625
0.9765625
32.1171875
10.8984375
8.697265625
5.16796875
14.509765625
21.5234375
11.11328125
3.0
22.09765625
35.8515625
5.85546875
1.671875
50.12109375
30.03125
4.0078125
41.953125
4.87109375
5.91015625
1.6875
7.5234375
113.78125
78.90625
48.8671875
79.6171875
10.9453125
58.7734375
8.1015625
245.015625
92.359375
25.875
4.453125
228.78125
141.12939453125
15.78125
121.8125
117.171875
78.640625
4.104716566644129E-12
4.223732474883952E-12
1.2168044349891716E-13
5.593303598061539E-12
1.2496670365180762E-12
2.27018404075352E-12
4.3209880118411093E-13
3.0460078903615803E-12
1.928679438378822E-12
2.3616664179826362E-12
119.96875
32.75
153.03125
5.65625
104.0
129.375
97.5625
657.65625
280.28125
233.6875
19.75
93.8125
274.75
15.625
906.25
413.59375
320.4375
621.03125
354.53125
346.3125
8.4732221239392E-13
9.334755191048316E-13
4.473754700029531E-12
7.885248010097712E-12
1.2398970739013748E-12
1.1526779530868225E-11
4.986233648196503E-12
1.829647544582258E-12
4.076738946423575E-12
2.928324249751313E-12
1.34736666268509E-11
5.39124300757976E-12
1.8964385617437074E-11
1.5637269257240405E-11
5.931255486757436E-12
1.3510970120478305E-11
1.751487843648647E-12
3.121236602510181E-11
2.6290081223123707E-12
1.5907275496829243E-11
3.163336259603966E-11
4.845901457883883E-12
4.426681243785424E-12
1.8104628907167353E-11
1.7902124227475724E-11
4.991562718714704E-11
5.897859978176712E-11
2.4432011969111045E-11
6.988898348936345E-11
2.162181544917985E-11
3.3729463666531956E-11
1.1993961379631318E-11
3.2365221613872563E-11
7.87281351222191E-12
4.54036808150704E-11
3.7488234738702886E-11
3.818456661974861E-11
5.994849061607965E-11
7.273825985976146E-11
5.4285465012071654E-11
3.5768721318163443E-11
6.1533000916826744E-12
9.782752385945062E-11
1.1112888387287967E-11
1.7773515992303146E-10
9.808331924432423E-11
7.810285751475021E-11
6.306777322606649E-11
8.743938906264455E-11
9.104894616030586E-11
2.173261570703744E-14
2.0644597142904788E-13
4.200806369425436E-13
2.9032332093947844E-13
1.4893641875346475E-13
2.67619260085894E-13
1.261490911730334E-13
1.9811929874435918E-13
1.0433320873914909E-13
1.2145839889399213E-13
3.106777057837462E-10
2.5715962692629546E-10
1.3844214663549792E-10
3.1377567211166355E-10
1.823536877054721E-10
2.2671997612633277E-10
7.247535904753022E-12
1.389821591146756E-10
2.738431703619426E-10
4.985167834092873E-11
5.7127635955191464E-11
2.7557689463719726E-10
3.183231456205249E-10
2.974616108987142E-10
1.5637624528608616E-10
5.640572453557979E-10
3.149693839077372E-10
4.2234660213580355E-11
5.7616489357315E-10
1.588205122970976E-10
1.2577174857142381E-9
5.592255547526293E-10
8.178631105693057E-10
1.0999201549570586E-9
3.9938186091646063E-10
9.736140782479197E-10
1.8380887922830896E-9
1.737134880386293E-9
1.2001919458271004E-9
5.002220859751105E-10
8.378719940084226E-10
2.608430804684758E-9
2.438582669128664E-9
6.955360731808469E-10
3.1438958103535697E-9
1.3915268937125802E-9
1.9940671336371452E-10
8.737970347283474E-10
1.407897798344493E-9
4.706635081722549E-11
4.412413545653055E-9
2.2050699044484645E-9
1.959506334973162E-9
1.2569216778501868E-9
6.986738299021329E-9
1.9836079445667565E-9
9.231371222995552E-11
6.01175997871932E-10
5.297806637827307E-10
8.544702723156661E-10
7.144990377135006E-9
1.8735590856522322E-10
2.455635694786906E-10
1.874468580354005E-9
3.9835867937655316E-9
4.375579010229558E-9
5.098627298139036E-9
2.1582309273207112E-9
1.0129042493645102E-8
4.396497388399134E-9
1.5414116205647588E-8
9.034920367412693E-9
4.522007657215423E-9
1.3405951904137197E-9
1.0733856470324099E-8
1.0017174645327032E-8
1.0350049706189476E-8
1.8941136659123003E-8
4.825778887607157E-9
2.2519088815897703E-9
4.6500645112246275E-8
2.4348992155864835E-8
3.154491423629224E-8
4.305911716073921E-8
1.953958417332327E-8
1.8186256056651473E-8
5.573383532681345E-9
3.238528734073043E-8
3.789318725466728E-8
8.803908713297471E-10
1.1548399925231934E-7
3.6030542105436325E-8
6.474874680861831E-8
5.093170329928398E-9
9.087671060115099E-9
3.694731276482344E-8
1.497392076998949E-8
3.0486262403428555E-8
1.877197064459324E-9
8.338975021615624E-8
1.0040821507573128E-8
9.936047717928886E-8
1.7121783457696438E-7
6.31262082606554E-8
7.30506144464016E-8
5.200854502618313E-8
1.409644028171897E-7
2.8667272999882698E-8
3.5652192309498787E-9
3.899913281202316E-9
3.8652414602324825E-13
5.6754601018838E-13
1.4049872376631356E-13
3.6798342151200814E-13
2.1266322036694874E-13
7.661093981425893E-13
1.3894441153183834E-13
2.032263246576349E-13
1.0486056467584605E-13
5.4944937488699E-13
3.406021278906657E-7
5.184265319257975E-7
2.0168954534272032E-8
1.8801074475743862E-7
8.195638656616211E-8
3.763125278057023E-8
2.4717883206903934E-7
3.8641155700180896E-7
3.050081431865692E-8
1.1143856681883335E-7
1.4650868251919746E-7
1.1280644685029984E-7
8.207280188798904E-9
2.5442568585276604E-7
5.064648576080799E-7
1.682201400399208E-8
1.3213139027357101E-8
2.7706846594810486E-7
3.030872903764248E-7
4.016910679638386E-7
2.6763882488012314E-7
5.981419235467911E-7
8.812639862298965E-8
1.1513475328683853E-6
1.1335359886288643E-6
5.797483027675243E-8
1.09116081148386E-6
5.468027666211128E-7
1.4579854905605316E-6
1.026783138513565E-7
2.114567905664444E-6
3.473833203315735E-6
1.0167714208364487E-6
5.941838026046753E-7
3.0787196019232965E-6
1.7352867871522903E-6
2.691289409995079E-6
1.977197825908661E-6
1.7788261263973482E-7
1.6330741345882416E-6
1.4030374586582184E-6
2.5522895175100757E-6
2.1792948246002197E-7
2.390239387778381E-6
2.625398337841034E-6
2.0922161638736725E-6
2.468004822731018E-6
3.1134113669395447E-6
2.251937985420227E-6
2.2756867110729218E-6
7.385388016700745E-7
4.082918167114258E-6
1.3774260878562927E-6
3.0919909477233887E-6
2.580694854259491E-6
6.100162863731384E-7
2.505257725715637E-7
2.5797635316848755E-7
1.348741352558136E-5
2.7474015951156616E-7
1.2267380952835083E-5
2.524256706237793E-5
3.165006637573242E-5
9.378418326377869E-6
6.5695494413375854E-6
8.950010169872513E-6
3.748573362827301E-5
3.688037395477295E-7
1.0501593351364136E-5
1.287087798829134E-5
2.8721988201141357E-6
2.4721026420593262E-5
3.907456994078906E-5
2.6371330250185565E-5
1.6476958990097046E-5
8.132308721542358E-6
2.571195363998413E-5
5.0280243158340454E-5
3.3114105463027954E-5
2.403557300567627E-5
7.480383828806225E-6
1.1326372624154146E-4
1.3560056686401367E-6
6.635487079620361E-5
4.248321056365967E-5
3.972649574279785E-5
3.250688314437866E-5
3.6209821701049805E-6
9.007751941680908E-6
7.212163836811669E-6
1.4409422874450684E-5
1.0243058204650879E-4
1.4472007751464844E-4
1.6976892948150635E-4
7.268786794156767E-5
7.927417755126953E-5
2.4899840358472147E-5
9.82433557510376E-5
2.0712614059448242E-5
1.245737078647835E-5
1.4455103780619538E-13
3.894662370385049E-13
5.195843755245748E-14
4.0445424787094453E-13
5.936362512670712E-13
5.622169396701793E-13
3.660405312189141E-13
5.424549698318516E-13
4.82280881897168E-13
5.832001548355947E-13
2.5719404334267906E-5
1.0013580322265625E-5
5.629658699035645E-4
1.838207263062941E-4
9.447336196899414E-6
7.271766676808511E-6
1.2958049819644657E-4
2.0518900419119745E-4
8.45789909362793E-5
9.292364120483398E-5
4.7087669372558594E-5
3.9273500442504883E-4
6.445050239562988E-4
3.1501054763793945E-4
5.186796188354492E-4
0.0010683536529541016
2.608299255371094E-4
4.5871734619140625E-4
2.9212236404418945E-4
4.603862762451172E-4
0.0024508237838745117
2.497434616088867E-4
2.3365020751953125E-5
6.455183029174805E-4
8.291010744869709E-4
0.0018203258514404297
5.682706832885742E-4
1.1134170927107334E-4
8.547306060791016E-5
0.0011032819747924805
4.2152428068220615E-4
0.0031566619873046875
1.2683868408203125E-4
0.0013997554779052734
0.0012042522430419922
0.0033605117350816727
2.522468566894531E-4
1.7452239990234375E-4
0.001354217529296875
0.0019490718841552734
0.0043773651123046875
0.0046291351318359375
0.011949069797992706
0.002109527587890625
0.003090381622314453
0.0031337738037109375
0.004609107971191406
0.002298355131642893
0.0022974014282226562
4.3010711669921875E-4
0.007415771484375
0.011483192443847656
0.0110626220703125
3.824235172942281E-4
0.002902984619140625
9.632110595703125E-4
2.193450927734375E-4
0.0048427581787109375
0.0012674331665039062
0.00482940673828125
0.010484695434570312
0.010736525058746338
0.01760876178741455
0.009256362915039062
0.0027008056640625
3.147129900753498E-4
0.01808929443359375
9.021759033203125E-4
0.0029125213623046875
0.0262451171875
5.5694580078125E-4
0.007564544677734375
0.027072906494140625
0.01848602294921875
0.024944305419921875
0.02513885498046875
9.04083251953125E-4
0.0112762451171875
0.022045135498046875
0.08226776123046875
0.03588104248046875
0.06614971160888672
0.0239715576171875
0.06439208984375
0.06132698059082031
0.0344390869140625
0.08731269836425781
0.0110626220703125
0.0173187255859375
0.11771392822265625
0.15991973876953125
0.13323974609375
0.0189208984375
0.0057222843170166016
0.190582275390625
0.1673583984375
0.0907745361328125
0.0860748291015625
0.081573486328125
0.159088134765625
2.240874152903416E-12
7.458478279431802E-13
5.195843755245733E-13
4.3809400551708677E-13
1.9801937867214292E-12
1.1528555887707626E-12
1.6868728636154628E-12
6.94999613415348E-14
2.7204904995414836E-12
8.568701304056958E-13
0.1651611328125
0.008758544921875
0.163055419921875
0.021820068359375
0.383941650390625
0.163238525390625
0.0147705078125
0.21923828125
0.07720947265625001
0.0095292329788208
0.42236328125
0.2998046875
0.19879150390625
0.02032470703125
0.59417724609375
0.0224609375
0.7236939072608948
0.03564453125
0.53192138671875
0.1845703125
0.2783203125
0.053955078125
0.8477783203125
1.1522216796875
0.121826171875
0.10546875
0.12060546875
0.023561477661132812
0.0982666015625
1.126220703125
0.5751953125
2.12939453125
3.03173828125
2.358154296875
1.0458984375
3.39111328125
0.265869140625
1.53076171875
1.116943359375
1.56005859375
3.06591796875
3.51220703125
4.4912109375
2.34765625
0.18505859375
0.6923828125
0.85498046875
1.09375
4.50634765625
3.09765625
0.9892578125
0.6796875
1.44921875
1.962890625
8.724609375
6.7255859375
6.5908203125
7.2158203125
4.2529296875
11.087890625
20.318359375
5.556640625
0.9765625
32.1171875
10.8984375
8.697265625
5.16796875
14.509765625
21.5234375
11.11328125
3.0
22.09765625
35.8515625
5.85546875
1.671875
50.12109375
30.03125
4.0078125
41.953125
4.87109375
5.91015625
1.6875
7.5234375
113.78125
78.90625
48.8671875
79.6171875
10.9453125
58.7734375
8.1015625
245.015625
92.359375
25.875
4.453125
228.78125
141.12939453125
15.78125
121.8125
117.171875
78.640625
4.104716566644129E-12
4.223732474883952E-12
1.2168044349891716E-13
5.593303598061539E-12
1.2496670365180762E-12
2.27018404075352E-12
4.3209880118411093E-13
3.0460078903615803E-12
1.928679438378822E-12
2.3616664179826362E-12
119.96875
32.75
153.03125
5.65625
104.0
129.375
97.5625
657.65625
280.28125
233.6875
19.75
93.8125
274.75
15.625
906.25
413.59375
320.4375
621.03125
354.53125
346.3125
8.4732221239392E-13
9.334755191048316E-13
4.473754700029531E-12
7.885248010097712E-12
1.2398970739013748E-12
1.1526779530868225E-11
4.986233648196503E-12
1.829647544582258E-12
4.076738946423575E-12
2.928324249751313E-12
1.34736666268509E-11
5.39124300757976E-12
1.8964385617437074E-11
1.5637269257240405E-11
5.931255486757436E-12
1.3510970120478305E-11
1.751487843648647E-12
3.121236602510181E-11
2.6290081223123707E-12
1.5907275496829243E-11
3.163336259603966E-11
4.845901457883883E-12
4.426681243785424E-12
1.8104628907167353E-11
1.7902124227475724E-11
4.991562718714704E-11
5.897859978176712E-11
2.4432011969111045E-11
6.988898348936345E-11
2.162181544917985E-11
3.3729463666531956E-11
1.1993961379631318E-11
3.2365221613872563E-11
7.87281351222191E-12
4.54036808150704E-11
3.7488234738702886E-11
3.818456661974861E-11
5.994849061607965E-11
7.273825985976146E-11
5.4285465012071654E-11
3.5768721318163443E-11
6.1533000916826744E-12
9.782752385945062E-11
1.1112888387287967E-11
1.7773515992303146E-10
9.808331924432423E-11
7.810285751475021E-11
6.306777322606649E-11
8.743938906264455E-11
9.104894616030586E-11
2.173261570703744E-14
2.0644597142904788E-13
4.200806369425436E-13
2.9032332093947844E-13
1.4893641875346475E-13
2.67619260085894E-13
1.261490911730334E-13
1.9811929874435918E-13
1.0433320873914909E-13
1.2145839889399213E-13
3.106777057837462E-10
2.5715962692629546E-10
1.3844214663549792E-10
3.1377567211166355E-10
1.823536877054721E-10
2.2671997612633277E-10
7.247535904753022E-12
1.389821591146756E-10
2.738431703619426E-10
4.985167834092873E-11
5.7127635955191464E-11
2.7557689463719726E-10
3.183231456205249E-10
2.974616108987142E-10
1.5637624528608616E-10
5.640572453557979E-10
3.149693839077372E-10
4.2234660213580355E-11
5.7616489357315E-10
1.588205122970976E-10
1.2577174857142381E-9
5.592255547526293E-10
8.178631105693057E-10
1.0999201549570586E-9
3.9938186091646063E-10
9.736140782479197E-10
1.8380887922830896E-9
1.737134880386293E-9
1.2001919458271004E-9
5.002220859751105E-10
8.378719940084226E-10
2.608430804684758E-9
2.438582669128664E-9
6.955360731808469E-10
3.1438958103535697E-9
1.3915268937125802E-9
1.9940671336371452E-10
8.737970347283474E-10
1.407897798344493E-9
4.706635081722549E-11
4.412413545653055E-9
2.2050699044484645E-9
1.959506334973162E-9
1.2569216778501868E-9
6.986738299021329E-9
1.9836079445667565E-9
9.231371222995552E-11
6.01175997871932E-10
5.297806637827307E-10
8.544702723156661E-10
7.144990377135006E-9
1.8735590856522322E-10
2.455635694786906E-10
1.874468580354005E-9
3.9835867937655316E-9
4.375579010229558E-9
5.098627298139036E-9
2.1582309273207112E-9
1.0129042493645102E-8
4.396497388399134E-9
1.5414116205647588E-8
9.034920367412693E-9
4.522007657215423E-9
1.3405951904137197E-9
1.0733856470324099E-8
1.0017174645327032E-8
1.0350049706189476E-8
1.8941136659123003E-8
4.825778887607157E-9
2.2519088815897703E-9
4.6500645112246275E-8
2.4348992155864835E-8
3.154491423629224E-8
4.305911716073921E-8
1.953958417332327E-8
1.8186256056651473E-8
5.573383532681345E-9
3.238528734073043E-8
3.789318725466728E-8
8.803908713297471E-10
1.1548399925231934E-7
3.6030542105436325E-8
6.474874680861831E-8
5.093170329928398E-9
9.087671060115099E-9
3.694731276482344E-8
1.497392076998949E-8
3.0486262403428555E-8
1.877197064459324E-9
8.338975021615624E-8
1.0040821507573128E-8
9.936047717928886E-8
1.7121783457696438E-7
6.31262082606554E-8
7.30506144464016E-8
5.200854502618313E-8
1.409644028171897E-7
2.8667272999882698E-8
3.5652192309498787E-9
3.899913281202316E-9
3.8652414602324825E-13
5.6754601018838E-13
1.4049872376631356E-13
3.6798342151200814E-13
2.1266322036694874E-13
7.661093981425893E-13
1.3894441153183834E-13
2.032263246576349E-13
1.0486056467584605E-13
5.4944937488699E-13
3.406021278906657E-7
5.184265319257975E-7
2.0168954534272032E-8
1.8801074475743862E-7
8.195638656616211E-8
3.763125278057023E-8
2.4717883206903934E-7
3.8641155700180896E-7
3.050081431865692E-8
1.1143856681883335E-7
1.4650868251919746E-7
1.1280644685029984E-7
8.207280188798904E-9
2.5442568585276604E-7
5.064648576080799E-7
1.682201400399208E-8
1.3213139027357101E-8
2.7706846594810486E-7
3.030872903764248E-7
4.016910679638386E-7
2.6763882488012314E-7
5.981419235467911E-7
8.812639862298965E-8
1.1513475328683853E-6
1.1335359886288643E-6
5.797483027675243E-8
1.09116081148386E-6
5.468027666211128E-7
1.4579854905605316E-6
1.026783138513565E-7
2.114567905664444E-6
3.473833203315735E-6
1.0167714208364487E-6
5.941838026046753E-7
3.0787196019232965E-6
1.7352867871522903E-6
2.691289409995079E-6
1.977197825908661E-6
1.7788261263973482E-7
1.6330741345882416E-6
1.4030374586582184E-6
2.5522895175100757E-6
2.1792948246002197E-7
2.390239387778381E-6
2.625398337841034E-6
2.0922161638736725E-6
2.468004822731018E-6
3.1134113669395447E-6
2.251937985420227E-6
2.2756867110729218E-6
7.385388016700745E-7
4.082918167114258E-6
1.3774260878562927E-6
3.0919909477233887E-6
2.580694854259491E-6
6.100162863731384E-7
2.505257725715637E-7
2.5797635316848755E-7
1.348741352558136E-5
2.7474015951156616E-7
1.2267380952835083E-5
2.524256706237793E-5
3.165006637573242E-5
9.378418326377869E-6
6.5695494413375854E-6
8.950010169872513E-6
3.748573362827301E-5
3.688037395477295E-7
1.0501593351364136E-5
1.287087798829134E-5
2.8721988201141357E-6
2.4721026420593262E-5
3.907456994078906E-5
2.6371330250185565E-5
1.6476958990097046E-5
8.132308721542358E-6
2.571195363998413E-5
5.0280243158340454E-5
3.3114105463027954E-5
2.403557300567627E-5
7.480383828806225E-6
1.1326372624154146E-4
1.3560056686401367E-6
6.635487079620361E-5
4.248321056365967E-5
3.972649574279785E-5
3.250688314437866E-5
3.6209821701049805E-6
9.007751941680908E-6
7.212163836811669E-6
1.4409422874450684E-5
1.0243058204650879E-4
1.4472007751464844E-4
1.6976892948150635E-4
7.268786794156767E-5
7.927417755126953E-5
2.4899840358472147E-5
9.82433557510376E-5
2.0712614059448242E-5
1.245737078647835E-5
1.4455103780619538E-13
3.894662370385049E-13
5.195843755245748E-14
4.0445424787094453E-13
5.936362512670712E-13
5.622169396701793E-13
3.660405312189141E-13
5.424549698318516E-13
4.82280881897168E-13
5.832001548355947E-13
2.5719404334267906E-5
1.0013580322265625E-5
5.629658699035645E-4
1.838207263062941E-4
9.447336196899414E-6
7.271766676808511E-6
1.2958049819644657E-4
2.0518900419119745E-4
8.45789909362793E-5
9.292364120483398E-5
4.7087669372558594E-5
3.9273500442504883E-4
6.445050239562988E-4
3.1501054763793945E-4
5.186796188354492E-4
0.0010683536529541016
2.608299255371094E-4
4.5871734619140625E-4
2.9212236404418945E-4
4.603862762451172E-4
0.0024508237838745117
2.497434616088867E-4
2.3365020751953125E-5
6.455183029174805E-4
8.291010744869709E-4
0.0018203258514404297
5.682706832885742E-4
1.1134170927107334E-4
8.547306060791016E-5
0.0011032819747924805
4.2152428068220615E-4
0.0031566619873046875
1.2683868408203125E-4
0.0013997554779052734
0.0012042522430419922
0.0033605117350816727
2.522468566894531E-4
1.7452239990234375E-4
0.001354217529296875
0.0019490718841552734
0.0043773651123046875
0.0046291351318359375
0.011949069797992706
0.002109527587890625
0.003090381622314453
0.0031337738037109375
0.004609107971191406
0.002298355131642893
0.0022974014282226562
4.3010711669921875E-4
0.007415771484375
0.011483192443847656
0.0110626220703125
3.824235172942281E-4
0.002902984619140625
9.632110595703125E-4
2.193450927734375E-4
0.0048427581787109375
0.0012674331665039062
0.00482940673828125
0.010484695434570312
0.010736525058746338
0.01760876178741455
0.009256362915039062
0.0027008056640625
3.147129900753498E-4
0.01808929443359375
9.021759033203125E-4
0.0029125213623046875
0.0262451171875
5.5694580078125E-4
0.007564544677734375
0.027072906494140625
0.01848602294921875
0.024944305419921875
0.02513885498046875
9.04083251953125E-4
0.0112762451171875
0.022045135498046875
0.08226776123046875
0.03588104248046875
0.06614971160888672
0.0239715576171875
0.06439208984375
0.06132698059082031
0.0344390869140625
0.08731269836425781
0.0110626220703125
0.0173187255859375
0.11771392822265625
0.15991973876953125
0.13323974609375
0.0189208984375
0.0057222843170166016
0.190582275390625
0.1673583984375
0.0907745361328125
0.0860748291015625
0.081573486328125
0.159088134765625
2.240874152903416E-12
7.458478279431802E-13
5.195843755245733E-13
4.3809400551708677E-13
1.9801937867214292E-12
1.1528555887707626E-12
1.6868728636154628E-12
6.94999613415348E-14
2.7204904995414836E-12
8.568701304056958E-13
0.1651611328125
0.008758544921875
0.163055419921875
0.021820068359375
0.383941650390625
0.163238525390625
0.0147705078125
0.21923828125
0.07720947265625001
0.0095292329788208
0.42236328125
0.2998046875
0.19879150390625
0.02032470703125
0.59417724609375
0.0224609375
0.7236939072608948
0.03564453125
0.53192138671875
0.1845703125
0.2783203125
0.053955078125
0.8477783203125
1.1522216796875
0.121826171875
0.10546875
0.12060546875
0.023561477661132812
0.0982666015625
1.126220703125
0.5751953125
2.12939453125
3.03173828125
2.358154296875
1.0458984375
3.39111328125
0.265869140625
1.53076171875
1.116943359375
1.56005859375
3.06591796875
3.51220703125
4.4912109375
2.34765625
0.18505859375
0.6923828125
0.85498046875
1.09375
4.50634765625
3.09765625
0.9892578125
0.6796875
1.44921875
1.962890625
8.724609375
6.7255859375
6.5908203125
7.2158203125
4.2529296875
11.087890625
20.318359375
5.556640625
0.9765625
32.1171875
10.8984375
8.697265625
5.16796875
14.509765625
21.5234375
11.11328125
3.0
22.09765625
35.8515625
5.85546875
1.671875
50.12109375
30.03125
4.0078125
41.953125
4.87109375
5.91015625
1.6875
7.5234375
113.78125
78.90625
48.8671875
79.6171875
10.9453125
58.7734375
8.1015625
245.015625
92.359375
25.875
4.453125
228.78125
141.12939453125
15.78125
121.8125
117.171875
78.640625
4.104716566644129E-12
4.223732474883952E-12
1.2168044349891716E-13
5.593303598061539E-12
1.2496670365180762E-12
2.27018404075352E-12
4.3209880118411093E-13
3.0460078903615803E-12
1.928679438378822E-12
2.3616664179826362E-12
119.96875
32.75
153.03125
5.65625
104.0
129.375
97.5625
657.65625
280.28125
233.6875
19.75
93.8125
274.75
15.625
906.25
413.59375
320.4375
621.03125
354.53125
346.3125
8.4732221239392E-13
9.334755191048316E-13
4.473754700029531E-12
7.885248010097712E-12
1.2398970739013748E-12
1.1526779530868225E-11
4.986233648196503E-12
1.829647544582258E-12
4.076738946423575E-12
2.928324249751313E-12
1.34736666268509E-11
5.39124300757976E-12
1.8964385617437074E-11
1.5637269257240405E-11
5.931255486757436E-12
1.3510970120478305E-11
1.751487843648647E-12
3.121236602510181E-11
2.6290081223123707E-12
1.5907275496829243E-11
3.163336259603966E-11
4.845901457883883E-12
4.426681243785424E-12
1.8104628907167353E-11
1.7902124227475724E-11
4.991562718714704E-11
5.897859978176712E-11
2.4432011969111045E-11
6.988898348936345E-11
2.162181544917985E-11
3.3729463666531956E-11
1.1993961379631318E-11
3.2365221613872563E-11
7.87281351222191E-12
4.54036808150704E-11
3.7488234738702886E-11
3.818456661974861E-11
5.994849061607965E-11
7.273825985976146E-11
5.4285465012071654E-11
3.5768721318163443E-11
6.1533000916826744E-12
9.782752385945062E-11
1.1112888387287967E-11
1.7773515992303146E-10
9.808331924432423E-11
7.810285751475021E-11
6.306777322606649E-11
8.743938906264455E-11
9.104894616030586E-11
