2.1152524176670795E-13
4.218847493575595E-14
4.822253707459367E-13
2.122468867327143E-13
1.3472556403826275E-13
2.671474153004283E-13
8.223977054910847E-14
2.6903479444229106E-13
3.480826737956022E-13
2.865485626557529E-13
3.5583980206872435E-11
1.5265300135069992E-10
1.6123635759868193E-10
1.3733369996771216E-10
2.0182255866529886E-10
2.7372948352424747E-10
1.8366108633928393E-10
2.602007498353487E-10
1.389821591146756E-10
2.507363205950506E-10
3.2503066904610023E-10
2.8205704438732937E-10
3.9204905988304623E-10
2.4499513529008254E-10
2.3720758690615185E-10
4.362732397567015E-10
3.4498270906624384E-10
6.525624485233995E-11
5.247215995041188E-10
2.6489033189136587E-11
7.339622243307547E-10
1.0157918950426392E-9
5.705942385247909E-10
1.098442226066254E-9
5.171614247956313E-10
1.0237499736831523E-9
5.524043444893323E-10
6.407390173990279E-10
2.9035618354100734E-10
1.708713170955889E-9
2.446540747769177E-10
2.5193003239110112E-9
1.3351382222026587E-9
1.8280843505635858E-10
1.0334133548894897E-9
1.523176251794635E-9
1.0991243470925838E-9
3.535205905791372E-9
2.7216628950554878E-9
1.2209966371301562E-9
4.0108716348186135E-10
1.8599166651256403E-10
7.770722731947899E-9
3.972218109994111E-9
2.573870006021622E-10
3.48791218129918E-10
2.3146640160121024E-10
2.1932464733254164E-9
1.4088072930462923E-9
2.5584085960940234E-9
1.879016053889975E-9
2.28283170145005E-10
6.276422936934978E-9
3.1013769330456853E-9
4.533831088338047E-9
1.8462742445990443E-9
1.709850039333105E-10
4.2018655221909285E-10
1.299849827773869E-8
2.817614586092545E-9
9.2186382971704E-9
9.307768777944571E-9
2.1864252630621195E-9
1.2987584341317415E-9
2.260821929667145E-8
1.356966095045209E-8
1.0180883691673264E-8
4.276444087736732E-9
1.5901605365797877E-8
2.4730979930609465E-8
3.406967152841389E-8
5.387846613302827E-9
2.584420144557953E-8
6.526533980356214E-9
1.524676918052137E-8
3.155219019434011E-8
5.165929906087173E-10
6.5483618528192934E-9
1.8510036170482635E-8
8.45102476887405E-9
3.727473085746169E-8
9.278301149606705E-8
1.2369127944111824E-9
3.565219230949879E-8
6.920890882611275E-8
3.385503077879548E-8
3.8904545366508225E-8
6.380287231964182E-8
5.630863597616553E-8
6.121263140855884E-8
1.5929981600493193E-7
1.6385456547141075E-8
8.990173228085041E-8
1.302541932091117E-7
2.9976945370435715E-9
1.7971615307033062E-8
8.119968697428703E-9
1.2842065189033747E-7
7.786729838699102E-8
1.7927959568286855E-8
3.543276783091187E-13
4.584110868677271E-13
1.9018120411828932E-13
3.2468472355162703E-13
7.277511926417901E-14
3.746447596597591E-13
4.3443026953582375E-13
4.836131495267182E-13
2.9809488211185453E-13
4.732880753977042E-13
1.885928213596344E-7
2.59082298753599E-7
1.1379597708582878E-8
7.811468094587326E-8
1.284060999889869E-7
1.6397098079323769E-7
2.6539782993495464E-7
1.61642674356699E-7
2.526212483647738E-7
1.3387762010097504E-8
1.1723022930176796E-7
2.466258592903614E-7
3.984314389526844E-7
5.124602466821671E-7
3.4371623769402504E-7
5.221227184493138E-7
5.018082447350025E-7
1.176958903670311E-7
2.566375769674778E-7
5.750916898944469E-8
3.9942096918821335E-7
4.969770088791847E-7
2.6891939342021942E-8
1.467997208237648E-7
1.1387746785551656E-6
4.520406946539879E-7
6.076879799365997E-8
5.37140294911212E-7
4.997709766030312E-7
5.316687748113669E-7
2.2980384706272616E-7
3.934372216463089E-6
2.1399464458227158E-6
5.902256816625595E-7
4.231231287121773E-6
1.2507662177085876E-6
1.2519303709337959E-6
1.1380761861801147E-6
4.183966666460037E-7
2.44705006480217E-7
1.5590339899340666E-6
2.468004822731018E-6
4.0652230381965637E-7
4.178378731012344E-6
6.084330379962921E-6
2.6491470635214842E-6
2.123415470123291E-7
4.847534000873566E-7
4.208646714687347E-6
5.59026375412941E-6
5.094334497357522E-6
4.475004971027374E-6
9.56747680902481E-6
1.0028481487012186E-5
4.966743304635202E-6
5.49759715795517E-6
1.0773539543151855E-5
4.283152520656586E-6
3.5669654607772827E-6
4.751607775688171E-6
4.692003130912781E-6
3.073364536199108E-7
2.1051615590295114E-5
1.5700235962867737E-5
7.957220077514648E-6
1.3269484043565427E-5
1.450441789119239E-5
6.938353180885315E-6
1.2256206360916622E-6
8.940696716308594E-7
3.721565008163452E-6
3.407523036003113E-5
3.2007694244384766E-5
1.8075108528137207E-5
1.1660158634185791E-5
1.004338264465332E-5
2.641230821609497E-6
1.617521047592163E-5
3.34717333316803E-5
3.428012132644653E-5
1.2330711115282611E-5
5.760788917541504E-5
5.030632019042969E-5
1.6689300608163649E-6
2.0980834968042927E-5
2.123415470123291E-6
3.583729267120361E-5
3.822147846221924E-5
3.605336042600271E-5
1.6570091730727654E-5
1.3205409049987793E-4
7.972121238708496E-6
9.939074516651658E-5
9.147822859745247E-5
1.3427436351776123E-4
3.3229589462280273E-6
2.0609796047210693E-4
1.691281795501709E-5
9.75579023361206E-5
3.4943222999572754E-5
8.193445921733655E-13
1.0016432128168164E-12
7.249756350802272E-14
9.563461134121098E-13
8.75854944126786E-13
1.0191847366058937E-12
8.533174167268953E-13
4.620748228489902E-13
1.2001510896197942E-13
7.649436639667329E-13
0.0012359619140625
2.1198391914367676E-4
1.2806057929992676E-4
4.330277442932129E-5
2.3156404495239258E-5
3.6656856536865234E-5
1.5947222721024445E-4
2.3365020751953125E-5
0.00493621826171875
4.53948974609375E-4
3.072023391723633E-4
3.514289855957031E-4
2.803206443786621E-4
3.075599670410156E-5
3.045201301574707E-4
3.719329833984375E-4
1.6689300537109375E-5
1.1092424392700195E-4
4.137754440307617E-4
5.472899647429585E-4
9.881258010864258E-4
6.173849105834961E-4
7.29680061340332E-4
3.2424928576801904E-5
5.660057067871094E-4
4.942418308928609E-4
0.0012384653091430664
2.0754338765982538E-4
5.174875259399414E-4
2.002716064453125E-5
3.075599670410156E-4
0.001041412353515625
0.0018146038055419922
0.0019397735595703125
6.961823964957148E-5
0.0018911361694335938
9.069442749023438E-4
7.74383544921875E-4
1.4233612455427647E-4
2.315044403076172E-4
0.002578742802143097
0.006086826324462891
0.002215385451563634
0.0023479461669921875
0.002318859100341797
0.0033926963806152344
1.401901536155492E-4
0.0021123888436704874
1.1205673217773438E-4
2.422332763671875E-4
4.30107131251134E-4
0.0053806304931640625
0.005354881286621094
0.0041255950927734375
8.144378662109375E-4
0.0131683349609375
2.193450927734375E-4
0.004580497741699219
0.0033731460571289062
0.010205268859863281
0.008319854736328125
0.01807403564453125
0.0032062535174191
0.00191497802734375
0.017368316708598286
0.00150299072265625
9.136497974395752E-4
0.009525299072265625
0.008291244506835938
0.008237839676439762
0.017520904541015625
0.053798675537109375
0.00494384765625
0.022464752197265625
0.024265289306640625
0.024501800537109375
0.00374603271484375
0.021984100341796875
0.010852813953533769
0.02219390869140625
0.00439453125
0.11435127258300781
0.0070037841796875
0.1207427978515625
0.03281402587890625
0.1175079345703125
0.07970452308654785
0.03986358642578125
0.044464111328125
0.0738067626953125
0.0743560791015625
0.010894805192947388
0.0749969482421875
0.0430908203125
0.019439697265625
0.0362548828125
0.1817626953125
0.0649871826171875
0.0744171142578125
0.004425048828125
1.0627054791711998E-12
6.854516954035716E-13
6.217248937900877E-13
1.156186257844638E-12
7.778222510523847E-13
1.4668266601347568E-12
1.0185186027911186E-12
1.9473311851925246E-13
9.914291609902648E-13
2.1438406605511773E-12
0.085968017578125
0.126739501953125
0.164794921875
0.146392822265625
0.09210205078125
0.1307373046875
0.271484375
0.017608642578125
0.232269287109375
0.311859130859375
0.172119140625
0.10821533203125
0.326904296875
0.15057373046875
0.0478515625
0.015380859375
0.3973388671875
0.3468017578125
0.2044072151184082
0.1697998046875
0.15625
2.090576171875
0.0355224609375
1.802734375
0.281982421875
0.5300295352935791
1.3066425323486328
0.4327414035797119
1.011474609375
0.868896484375
4.171875
1.5185546875
2.867919921875
1.057373046875
1.401123046875
1.6767578125
0.189453125
0.572021484375
0.11279296875
1.2880859375
5.11181640625
5.3740234375
0.64892578125
2.39990234375
1.47021484375
5.17626953125
1.1181640625
6.32080078125
0.58447265625
3.61376953125
1.0634765625
5.052734375
0.20703125
14.751953125
1.458984375
2.5185546875
0.1640625
0.4306640625
8.18359375
2.509765625
9.96099853515625
10.5234375
4.455078125
8.9140625
3.517578125
11.7978515625
13.49462890625
9.60986328125
8.572265625
1.9716796875
17.91796875
2.39453125
1.84375
1.70703125
10.0546875
31.4454345703125
64.390625
17.41015625
53.44921875
23.44921875
5.5625
142.2890625
2.015625
54.921875
2.1015625
3.421875
192.390625
7.21484375
49.875
1.9765625
2.3515625
85.984375
42.5
115.05078125
114.984375
3.109375
84.46875
254.671875
11.28125
187.84375
2.2803980925800715E-12
4.225508831723346E-12
2.131628207280307E-12
3.97415433894821E-12
3.1894487051431497E-12
2.621014516535071E-12
1.4779288903810084E-12
2.8910207561239076E-12
2.0419221868905895E-12
2.8768099014087056E-12
40.28125
6.03125
46.8125
152.1875
191.15625
223.375
36.65625
66.68750000000001
181.3125
222.09375
350.5625
51.5625
421.25
14.75
79.5625
437.25
274.5
566.6875
409.4375
31.125
1.4862777675261896E-11
1.3438139490062895E-12
1.779909553079051E-12
5.765166122273519E-12
6.820322084877262E-12
7.503331289626658E-12
1.2767564783189313E-11
1.9175772081325736E-12
3.888445121447148E-12
1.3322676295501878E-11
2.3645085889256837E-11
8.29381008315977E-12
2.071942617476452E-11
1.6234125155278992E-11
7.627676268384675E-12
9.389822253069724E-12
1.6299850358336698E-11
1.6484591469634324E-12
2.446043367854145E-12
2.7959856652159942E-12
3.588240815588506E-12
4.345324100540903E-11
1.777777924871772E-11
2.0463630789890885E-11
3.539568638188939E-11
4.700240197053063E-12
1.1567635738174534E-11
1.9880985746567603E-11
3.73852060420185E-11
1.0061285138363019E-11
6.355094228638419E-11
6.341593916658897E-11
3.2564173579887046E-11
4.020961341666407E-11
1.7955414932657732E-11
3.1093350116861984E-11
2.241762331323116E-11
2.1394441773736617E-11
6.720313194819028E-11
6.610889613511972E-11
1.502797886132612E-10
1.1475265182525618E-10
2.8109070626669563E-11
2.0733637029479723E-11
1.0062706223834539E-10
9.839595804805867E-11
3.416289473534562E-11
2.0759216567967087E-10
1.424069751010459E-10
1.0574296993581811E-10
