2.553235400881704E-13
3.5674241338767843E-13
1.331434962281719E-13
1.695865670114929E-14
1.1995959781074816E-13
2.3564483697668948E-14
4.3326453535996734E-14
1.3303247392570938E-13
3.322342401190781E-14
3.413380689210044E-13
2.901856532844249E-11
1.5373302630905528E-10
8.762413017393555E-11
1.3244516594568267E-10
9.282530299969949E-11
1.6279955161735415E-10
1.3628209671878722E-10
1.0163603292312473E-10
1.3164935808163136E-10
2.7628743737295736E-10
3.1116087484406307E-10
5.44730482943335E-10
3.6561687011271715E-10
7.53345830162289E-10
6.008349373587407E-11
2.737579052336514E-10
4.798152986040805E-10
6.326672519207932E-11
3.607851795096014E-10
6.895106707817336E-11
3.198010745109059E-10
5.11363396071829E-10
3.873310561175458E-10
4.890807758783922E-10
3.240074875066057E-10
1.3535554899135607E-9
5.7411853049416095E-11
6.111804395918313E-10
1.6689227777533233E-10
1.2904592949780636E-9
2.4997461878228933E-9
9.831637726165354E-10
1.0379608283983544E-9
1.1275460565229878E-9
4.754383553517982E-10
1.724401954561472E-9
1.0595613275654614E-9
1.126863935496658E-9
6.200480129336938E-10
2.9642706067534164E-9
1.5895813703536987E-5
1.9867911760229617E-9
8.358256309360973E-10
1.1505107977427873E-10
5.70253178011626E-10
8.493771019857403E-9
1.0477378964424398E-9
3.2600837585050613E-9
4.3772161717470226E-7
9.555369619995702E-7
4.1500243241898715E-9
2.4920154828578234E-10
1.1314114090055227E-9
2.4938344722613692E-9
1.14359863800928E-8
7.196831575129181E-9
1.1317752068862319E-8
6.2918843468651175E-9
4.883077053818852E-9
7.437847671099007E-9
1.9172148313373327E-8
1.0075382306240499E-8
1.2900272850164055E-8
1.8075297703035176E-8
6.493792170929758E-10
1.6627382137812674E-8
1.0291842045262456E-8
1.363514456897974E-8
1.586522557772696E-8
1.8480932340025902E-9
3.718014341064571E-9
1.9248545868322253E-8
1.9208528101444244E-9
2.6499037630856037E-8
3.9981387089937925E-9
2.1947926143185998E-8
5.027686711400747E-9
2.609885996207595E-8
4.65333869215101E-8
1.6058038454936502E-8
3.1614035833626986E-8
4.65879566053512E-8
3.646709956228733E-8
8.626375347722814E-8
1.9354047253727913E-9
1.4842953532934189E-9
1.0775693226605654E-8
2.3137545213103294E-9
2.3283064365386963E-9
6.51489244773984E-8
2.0212610252201557E-7
1.224834704771909E-7
7.654307410120964E-9
1.2418604455975008E-7
6.650225259363651E-8
7.700873538851738E-8
7.002381607890129E-8
3.201421351108069E-9
1.4992838260480257E-7
1.5756813809969517E-7
5.820344206597383E-13
8.232303727595536E-14
7.582823258189819E-14
8.231748616083223E-13
2.4807933485249123E-13
4.3520742565306136E-14
5.179190409876355E-14
3.0586644328423063E-13
5.060951657753776E-13
3.003708393123363E-13
3.8405414670705795E-7
1.7110141925513744E-7
3.064633347094059E-8
4.298635758459568E-8
9.65374056249857E-8
1.1094380170106888E-7
1.7913407646131792E-7
5.1513779908418655E-8
1.2817326933145523E-7
1.2817326933145523E-7
5.667097866535187E-7
2.5262124836488223E-7
8.870847524600212E-8
5.601905286312103E-7
2.9586954042315483E-7
2.2980384528636932E-7
2.711312845349312E-7
1.0133953776136906E-7
5.140900611877441E-7
5.180481821853711E-7
4.421453922986984E-7
7.764901965856552E-8
7.718335837125778E-7
7.255002856254578E-7
6.293412297964096E-7
3.07220034301281E-7
1.323525793850422E-6
5.83939254283905E-7
5.621695891040029E-7
3.5599805414676666E-7
1.1783558875322342E-6
2.2724270820617676E-7
1.0384246706962585E-6
1.0523945093154907E-6
1.6738194972276688E-6
1.0635703802108765E-6
6.007030606269836E-8
3.0081719160079956E-7
1.3217795640230179E-6
2.3888424039580913E-7
1.4528632164001465E-7
5.159527063404445E-7
3.184191882610321E-6
2.9872171580791473E-6
5.08967787027359E-7
4.136469215154648E-6
2.1010637283325195E-6
8.707866072654724E-8
6.332527847874303E-6
5.102716386318207E-6
3.0668452382087708E-6
1.2684613466262817E-6
5.634501576423645E-6
1.537613570690155E-6
4.395842552185059E-6
1.0042451322078705E-5
1.6205012798309326E-6
1.9837170839309692E-7
1.4333054423332214E-6
7.282942676711812E-7
2.0246952772140503E-6
8.339062333106995E-6
7.899478077888489E-6
3.7811696529388428E-6
6.072223190933812E-7
4.380941390991211E-6
1.0561197996139526E-6
1.525506377664243E-6
2.4829059839248657E-6
8.499249815940857E-6
9.5367431640625E-7
1.0214745998382568E-5
9.63360071182251E-6
2.600252628326416E-6
2.8312206268310547E-6
2.5663524866104126E-5
7.290393568837317E-6
1.0170042514801025E-6
1.991167664527893E-5
2.6844441890716553E-5
2.969801425933838E-5
5.014240741729736E-6
6.862729878776008E-5
1.862645149230957E-6
3.219395966880256E-5
1.4677643775939941E-6
9.279698133557446E-5
3.306567668914795E-5
3.970414400100708E-5
1.0661782653187402E-5
9.472668170928955E-5
1.4449656737269834E-4
1.859515905380249E-4
1.2472271919250488E-5
1.3697147369384766E-4
3.1441450119018555E-6
4.5299530029296875E-5
1.0158121585845947E-4
1.0982155799865723E-5
5.1856040954589844E-5
8.448797217397441E-14
1.9537704787353505E-12
2.347011474057581E-13
4.876099524153688E-13
8.337774914934926E-14
1.0302869668521453E-13
9.695577674051494E-13
5.917488721252084E-13
2.3492319201068312E-12
4.82280881897168E-13
4.410743713378906E-6
2.2023916244506836E-5
1.0353326797485352E-4
9.018182754516602E-5
2.0700693130493164E-4
1.4397501968232973E-4
1.3962388038635254E-4
4.0799437556415796E-5
3.921985626220703E-5
2.2351741790771484E-4
1.5056133270263672E-4
3.058314323425293E-4
4.4465065002441406E-5
2.7316808700561523E-4
2.574324607849121E-4
1.4841556549072266E-5
2.779364585876465E-4
0.0011209845542907715
1.0132789611816406E-5
2.548098564147949E-4
0.0011494159698486328
2.70843505859375E-4
0.0012532472610473633
5.762577056884766E-4
3.478527069091797E-4
2.8884410858154297E-4
5.251169204711914E-4
3.2973289489746094E-4
5.778074264526367E-4
9.794236393645406E-4
0.0010859966350835748
3.8552284240722656E-4
7.548332214355469E-4
0.0011162776509081596
0.0018277168273925781
0.0030977725982666016
0.0022644996643066406
3.1185150146484375E-4
0.002908710390329361
0.0025866031646728516
1.1396408081054688E-4
0.0013251304626464844
0.005368232727050781
0.004237182467477396
0.005255699157714844
9.6893310546875E-4
0.001165390043752268
3.018379211425781E-4
1.4448165893554688E-4
0.0037589073181152344
0.0058135986328125
8.802716620266438E-4
0.009057998657226562
7.305145263671875E-4
0.011910438537597656
7.009655237197876E-4
0.0012807846069335938
9.717941284179688E-4
2.3365020751953125E-4
0.006625175476074219
0.00931739853695035
0.009387969970703125
0.00311279296875
0.012668609619140625
9.918212890625E-4
0.009983062744140625
0.0028743743896484375
0.012189865112304688
4.730224609375E-4
0.0025730133056640625
0.01134490966796875
0.01120758056640625
0.01035308837890625
0.050563812255859375
0.016571044921875
0.022609712556004524
8.812099695205688E-4
0.0020678043365478516
0.007591247791424394
0.0216217041015625
0.03644561767578125
0.03308868408203125
0.01854705810546875
0.033721923828125
0.048675537109375
0.01309967041015625
0.048645973205566406
0.0377197265625
0.0381317138671875
0.006264209747314453
0.133758544921875
0.1032867431640625
0.017913818359375
0.003387451171875
0.148101806640625
0.11549758911132812
0.057586669921875
0.0828399658203125
0.085540771484375
0.159942626953125
1.9808599205362043E-12
1.6586731987899839E-13
1.0946799022804043E-13
2.282618538629322E-13
1.8984813721090177E-13
1.5929479957321746E-12
5.244693568329244E-13
1.2718714970105793E-12
2.824407374646398E-13
1.234568003383174E-13
0.233184814453125
0.2093505859375
0.12890625
0.14935302734375
0.03906440734863281
0.227081298828125
0.150054931640625
0.178009033203125
0.04656982421875
0.050201416015625
0.043701171875
0.5166630744934082
0.64385986328125
0.420166015625
0.319091796875
0.58563232421875
0.4061279296875
0.02154541015625
1.10675048828125
0.392578125
1.64990234375
1.47119140625
1.0318603515625
0.9776611328125
0.03369331359863281
0.588134765625
1.41015625
1.0587158203125
0.8809814453125
1.33056640625
0.259765625
2.2011795043945312
1.557373046875
1.388916015625
0.116455078125
1.063232421875
0.082763671875
0.26025390625
1.26953125
1.353271484375
2.373046875
2.48095703125
3.6328125
0.96142578125
5.173828125
0.49462890625
0.283203125
3.37451171875
4.165557861328125
0.28076171875
3.947265625
9.2119140625
5.16015625
4.6846923828125
4.4599609375
1.955078125
11.0537109375
2.2666015625
3.71875
9.2890625
16.53515625
19.40234375
13.314453125
0.609375
14.572265625
6.68359375
19.8017578125
11.064453125
10.84375
16.896484375
15.650390625
19.896484375
20.0546875
31.78955078125
53.03125
9.63671875
5.0
30.72265625
36.265625
1.873046875
1.484375
65.328125
33.796875
19.2265625
25.59375
35.7890625
45.8203125
33.78125
99.546875
6.5703125
3.6875
21.234375
151.71875
6.53125
71.53125
89.828125
10.90625
195.203125
41.734375
100.09375
3.765432410318681E-12
2.1862511800918583E-12
3.042011087472929E-13
4.354738791789714E-12
7.931433287922126E-13
5.067057884389214E-13
5.615063969344192E-12
5.6989968300058536E-12
6.834532939592472E-13
6.035172361862416E-13
334.75
209.15625
198.875
405.0
36.46875
23.5625
222.71875
10.0625
158.40625
557.90625
692.125
15.875
306.0625
553.8125
155.4375
23.5
241.6875
15.375
556.5625
191.375
6.838973831690997E-13
4.985345469776803E-12
5.0173198928860074E-12
1.3145040611562112E-12
5.072386954907415E-12
1.1262102361797588E-12
7.94475596421762E-12
3.256062086620659E-12
9.609202322735655E-12
5.687894599759602E-12
1.779376646027231E-11
1.0880185641326534E-11
1.0622613899613506E-12
5.144329406903125E-12
9.118039656641486E-12
7.0325967271855916E-12
1.63016267151761E-11
1.0180301046602835E-11
2.1303847574927204E-11
1.56035184772918E-11
3.218048050257535E-11
2.8201441182318376E-11
2.0047963289471227E-11
2.2467361304734368E-11
8.526512829121202E-12
7.839418003641185E-11
7.45004058444465E-12
1.8189894035458565E-12
4.412470389070222E-12
2.0190071836623247E-11
8.148504093696912E-11
4.055067392982892E-11
5.082512188892038E-11
4.023092969873687E-11
3.3786307085392764E-11
3.292655037512304E-11
3.241495960537577E-11
4.53823645329976E-11
5.130118552187923E-12
1.2036593943776097E-11
4.3769432522823E-11
1.2657608294830466E-10
8.208189683500677E-11
1.2711609542748192E-10
6.255618245632294E-11
1.1041834113711957E-11
1.5606360648235006E-10
1.4637180356659718E-11
8.020606401260011E-11
6.866684998385608E-11
