1.7938428520380967E-13
3.47499806707674E-14
1.2767564783189303E-13
1.628142065612792E-13
3.094746681142624E-14
7.768785614814533E-14
5.412337245047651E-15
2.484124017598788E-13
3.2718272535703363E-13
5.1181281435219717E-14
0.002274036407470703
2.2731683202437125E-10
1.0786038728838321E-10
3.927311809093226E-10
1.454054654459469E-10
2.1856294551980682E-10
8.304823495564051E-11
2.5843860385067036E-10
3.1241143005900106E-10
0.005117893218994141
8.430447451248554E-10
4.773141881742578E-10
2.990532266269227E-10
1.074340616469274E-11
3.183799890393857E-10
3.9261749407162743E-10
3.734612619155616E-10
2.4482460503355347E-10
3.922195901395753E-10
7.452740646840539E-10
6.582467904081568E-10
6.622258297284134E-10
9.605400919099338E-10
9.837322068051435E-10
7.981952876443134E-10
2.0354491425678134E-9
1.2533973858808184E-9
1.5756995708215982E-10
1.2029204299324192E-9
1.035118657455314E-9
2.148908606613986E-9
2.958131517516449E-10
1.984062691917643E-9
7.839844329282641E-10
2.4988366931211203E-10
1.0588792065391317E-9
2.380829755566083E-9
2.911974661403167E-9
1.77351466845721E-10
9.854375093709677E-10
3.6980054574121143E-9
1.1254996934439987E-9
2.8753674996551126E-9
8.722054190002382E-10
2.582964953035116E-10
2.0941115508321673E-9
1.7280399333685637E-10
1.8430910131496153E-9
3.5015546018257737E-10
3.867171471938491E-9
1.0450094123370945E-9
5.745278031099588E-9
1.80352799361573E-9
8.576535037989764E-10
4.0927261580120584E-10
1.0173607734031975E-8
2.7548594516701996E-9
3.979948814958347E-9
4.6475179261295435E-10
5.538822733798192E-10
1.3347744243219495E-8
2.4594555725343525E-8
1.2165401130914688E-8
8.74933903105557E-10
4.218236426822841E-9
1.1421434464864433E-8
1.5872501535341144E-8
1.1623342288658023E-8
4.343746695667505E-9
9.216819307766855E-9
1.7764250515028834E-8
7.47604644857347E-9
2.6193447411060333E-9
5.791662260891701E-9
8.269125828519464E-9
4.514731699600816E-9
5.0531525631588095E-9
2.903107088059187E-9
1.0262738214914142E-8
3.0893716029822826E-8
6.336631486192346E-8
3.128661774098873E-8
2.4047039914883E-8
2.3726897779852152E-8
4.500179784372449E-8
3.357126843184233E-8
4.373578121885657E-8
3.6452547647058964E-9
1.9979779608547688E-8
4.169123712927103E-8
9.240466170012951E-9
6.881600711494684E-8
3.4779077395796776E-9
1.0128132998943329E-7
6.349000614136457E-8
6.682239472866058E-8
1.1196243576705456E-7
1.224834704771638E-7
1.8303398974239826E-7
7.347261999496313E-8
6.493139359520228E-13
3.2795988147427124E-13
8.520961713998076E-14
6.280531650304511E-13
7.245870570216084E-13
2.0250467969162855E-13
3.8458125573015423E-13
4.684030940893535E-13
3.7336800318144014E-13
8.562039965909207E-13
2.08965502679348E-8
2.9191141948103905E-8
2.5765621104040237E-7
4.575122150574096E-8
2.8265640139590615E-7
3.3524702303111553E-7
1.3242242857813835E-8
1.412699930369854E-7
1.8405262381011867E-7
1.5919795259833336E-7
4.0757004172997657E-7
2.3131724447011948E-7
2.6420457288622856E-7
4.033790901303291E-8
5.2241375669837E-7
1.6728881746530533E-7
1.7578713595867157E-8
3.83064616471529E-7
1.525040715932846E-8
2.57161445915699E-7
9.150244298372634E-8
2.585584298886445E-7
3.585591912269592E-8
1.41095370054245E-7
1.73225998878479E-7
6.022164598107338E-7
8.083879952120593E-7
2.1500745788494147E-6
1.1962838470935822E-6
2.10711732506752E-8
1.0463409125804901E-6
2.84519046552076E-7
2.1031592041254044E-6
6.086193025112152E-7
6.682239472866058E-8
1.5408731997013092E-6
1.2596137830556131E-6
2.925517037510872E-6
2.1448358902276254E-6
9.802170097827911E-7
2.621673047542572E-7
2.026557925971506E-6
1.043081283569336E-6
1.5553087018282952E-7
5.87850809097637E-6
1.6298145055770874E-7
2.2673048079013824E-6
1.7760321497917175E-6
4.171859472990036E-6
4.908069968223574E-7
1.6335397958755493E-6
9.024515748023987E-6
2.7567148208618164E-7
9.463168680667877E-6
3.829598426818848E-6
7.856637239456177E-6
4.043802618980408E-6
4.0549784898757935E-6
6.612390279769897E-7
1.8086284399032593E-6
8.64267349243164E-6
1.0697171092033386E-5
8.327886462211609E-6
1.8555670976694305E-5
1.9256025581171343E-5
7.059425115585327E-7
8.489936647038121E-6
6.780028343755795E-7
1.9611790776252747E-5
1.2814998626708984E-6
4.582107067108154E-6
1.8931925296783447E-5
2.8755515813827515E-5
9.685754776000977E-7
9.782612323760986E-6
1.3127923466527136E-5
1.8417835235595703E-5
1.6652047634124756E-6
1.9565224647521973E-5
1.0654330253601074E-6
4.182010889053345E-5
1.722574234008789E-5
2.822279930114746E-5
4.813075065612793E-5
2.6546422304818407E-5
6.652623414993286E-5
7.186830043792725E-5
3.6329030990600586E-5
1.2069940567016602E-6
3.2104551792144775E-5
4.708766937255859E-6
1.8300116062164307E-4
1.4135241508483887E-4
1.1786818532755206E-5
1.271367073059082E-4
2.084970510622952E-4
2.6494264602661133E-5
3.701448440551758E-5
3.248453140258789E-6
7.240474226932747E-5
8.069100942975638E-13
4.675149156696534E-13
3.115285807098189E-13
8.100187187665142E-13
1.2979617380892705E-12
1.563527085579608E-12
1.1689538226278273E-12
1.426525564340864E-12
2.1094237467877994E-13
2.0339285811132868E-13
2.1755695343017578E-5
3.352165222167969E-4
3.187060938216746E-4
2.4497509002685547E-5
8.195638656616211E-6
2.1123886108398438E-4
2.0205974578857422E-5
2.4816393852233887E-4
1.7344951629638672E-5
2.2834539413452148E-4
3.134608268737793E-4
3.0231475830078125E-4
1.0466575622558594E-4
2.9653316596522927E-4
2.0140409469604492E-4
3.018379211425781E-4
1.3434886932373047E-4
4.792213439941406E-5
5.982518196105957E-4
3.593564033508301E-4
2.8252601623535156E-5
2.4688243865966797E-4
2.3603439331054688E-5
1.220703125E-4
9.357929229736328E-5
2.8252601623535156E-5
6.568431854248047E-5
8.356571197509766E-5
2.6226043701171875E-5
0.00186920166015625
0.0016891956329345703
7.767677307128906E-4
0.0011157989501953125
0.0024292469024658203
0.001973390579223633
0.001336812973022461
0.0012853145599365234
0.0016298294067382812
7.200241088867188E-5
0.0015077600328368135
0.002179626375436783
0.003388404962606728
0.002082347869873047
0.0030226707458496094
0.0032911300659179688
3.62396240234375E-4
2.2602081298828125E-4
0.002300739288330078
0.0031709671020507812
0.005395896732807159
0.009243994951248169
0.0023107528686523438
0.012563705444335938
2.2983551025390625E-4
0.005105018615722656
3.8623809814453125E-4
0.007786750793457031
0.00465966017509345
0.0043468475341796875
0.0024900734424591064
0.013134077191352844
0.00927746295928955
0.0024433135986328125
0.002513885498046875
0.010213851928710938
0.0037994384765625
0.0023670196533203125
0.011777878331486136
0.024349212646484375
0.01903533935546875
0.02056121826171875
0.002323150634765625
0.0025177001953125
7.4005126953125E-4
0.0011749267578125
0.003101348876953125
0.0137176513671875
0.027851106598973274
0.032554687961237505
0.03435516357421875
0.0604400634765625
0.08592987060546875
0.0135040283203125
0.00191497802734375
0.0502471923828125
0.00199127197265625
0.00597381591796875
0.05776214599609375
0.0042877197265625
0.03571319580078125
0.066986083984375
0.2443695068359375
0.0030059814453125
0.0035867691040039062
0.17108154296875
0.1315479278564453
0.0871429443359375
0.1756439208984375
0.01434326171875
0.0738525390625
6.188383139260623E-13
5.366818101038007E-13
1.1499690089067371E-12
1.0249578963339445E-12
2.9687363678476686E-13
2.383648833870211E-12
1.6076029396572267E-13
2.539968235737433E-12
3.114619673283414E-12
3.3950620093037307E-13
0.1781005859375
0.01416015625
0.210205078125
0.35807037353515625
0.13916015625
0.27349853515625
0.1739816665649414
0.005584716796875
0.13494873046875
0.00897228717803955
0.3125
0.0107421875
0.3438720703125
0.17266845703125
0.1572265625
0.9195556640625
0.3321533799171448
0.54534912109375
0.45367431640625
0.142669677734375
0.0572509765625
0.366455078125
1.000732421875
0.5899658203125
0.527587890625
0.588134765625
0.5181884765625
0.3770751953125
1.0655517578125
0.03125
0.579833984375
2.247314453125
3.826904296875
1.0576248168945312
0.111328125
2.207763671875
2.562744140625
0.5009765625
0.3300786018371582
0.07568359375
2.4599609375
2.63037109375
3.23291015625
5.11572265625
1.86376953125
0.48486328125
0.5166015625
4.90966796875
0.2333984375
0.51220703125
1.978515625
5.5009765625
1.0489501953125
5.4619140625
1.4775390625
4.5537109375
5.2236328125
4.2275390625
5.8925933837890625
12.4521484375
11.943359375
7.37890625
13.71484375
16.837890625
0.52734375
9.453125
18.416015625
1.86962890625
1.537109375
1.50244140625
0.87890625
2.7998046875
17.83203125
53.1953125
18.5859375
23.662841796875
20.125
1.0009765625
19.158203125
36.87109375
65.7890625
1.609375
4.7265625
54.0390625
5.7421875
114.617431640625
33.91015625
3.6416015625
3.3671875
39.3984375
75.59375
60.4375
123.703125
140.00003051757812
148.21875
81.734375
26.203125
3.2421875
36.65625
8.625
2.8674840280018543E-12
6.137312880127865E-13
4.350297899691213E-12
5.013323089997357E-12
3.375077994860476E-12
1.148858785882112E-12
2.8377300509419033E-12
4.411138121440672E-12
3.742339771406478E-12
1.9801937867214292E-12
279.1875
455.28125
148.15625
40.625
410.3125
213.71875
89.5
11.0625
34.25
92.5625
0.011677742004394531
246.71875
6.809235783293843E-4
0.008987427689135075
2.841949462890625E-4
0.004843711853027344
0.008176803588867188
0.002262115478515625
0.0065155029296875
3.0994415283203125E-4
8.835598919176846E-12
9.471534667682135E-12
3.818279026290838E-12
1.2460255049973057E-11
7.945644142637333E-12
1.4122036873231991E-12
4.3014480866077065E-12
4.525269048372138E-12
2.4922286456785514E-12
2.1254109583423997E-12
1.9113599591946695E-12
2.142286348316702E-12
2.3209878463603776E-11
3.9968028886505635E-13
1.1814549338851118E-11
2.8812507935072063E-12
4.460432023734029E-12
4.341416115494212E-12
8.624212455288216E-12
1.3605117032966518E-11
1.752198386384407E-11
3.055333763768431E-11
2.254907371934678E-11
3.33209015934699E-11
4.693134769695462E-12
1.908517788251629E-11
5.002931402486948E-11
2.439293211864424E-11
2.6556534749033744E-11
3.155875560878485E-11
9.706013770483796E-12
1.8332002582612653E-12
5.6466831210855265E-11
1.5994316981959855E-11
6.899369964230573E-12
9.347900231659878E-11
3.169731144225807E-11
1.1819167866633506E-10
3.116440439043882E-11
2.1650237158610253E-11
8.731149137020114E-11
1.453344111723709E-10
1.0628298241499579E-10
4.425260158313904E-11
1.049755837811972E-10
1.0254552762489766E-10
6.259881502046814E-11
1.8104628907167353E-10
5.752553988713771E-11
1.794830950530013E-11
