1.6028844918025698E-13
3.485545185810679E-13
2.636779683484747E-13
9.525713551283843E-14
1.2048695374744511E-13
1.078026556911027E-13
1.7699730570086558E-13
5.18030063290098E-13
1.4444001550373287E-13
2.892130979148533E-14
2.943352228612639E-10
5.059064278612079E-11
3.04112290905323E-10
2.575006874394603E-10
4.2808778744074516E-10
1.3983481039758772E-10
1.4338752407638832E-10
1.531930138298776E-11
9.220002539223061E-11
1.5330670066759922E-10
3.0172486731316894E-10
4.874323167314287E-10
7.594849193992559E-10
1.1635847840812695E-10
6.793356988055166E-10
4.200728653813712E-11
4.3200998334214505E-11
2.731894710450433E-10
4.388311936054379E-11
1.7314505385004768E-10
5.271658665151335E-10
6.125446816440688E-10
2.906972440541722E-10
1.2478267308324575E-9
1.3251337804831564E-9
8.130882633849978E-10
9.526957001071423E-10
5.503579814103432E-10
3.177547114319168E-10
9.81344783213413E-10
1.08457243186425E-10
1.3376393326325342E-9
2.202796167694032E-9
1.2848886399297044E-9
8.164988685166463E-10
1.1584688763832673E-9
3.040213414351456E-9
1.358102963422425E-9
2.660272002685815E-10
2.903107088059187E-9
3.4242475522428375E-10
4.9817572289612144E-9
2.0941115508321673E-9
3.859440766973421E-9
6.205027602852579E-9
4.80486050946638E-9
4.2032297642503674E-9
2.546585164964199E-10
8.837105269776657E-9
1.8467289919499308E-9
4.33283275924623E-9
1.8408172763901008E-9
1.3287717592902482E-9
4.685716703534126E-9
4.783942131325603E-10
1.19734977488406E-8
6.994014256633818E-10
8.700226317159832E-9
7.480593922082335E-9
4.004505171906203E-9
1.494845491833985E-8
8.798451744951308E-9
8.738425094634295E-9
1.4199031284078956E-8
2.9449438443407416E-9
5.695255822502077E-9
4.1109160520136356E-10
9.200448403134942E-9
4.729372449219227E-10
1.076841726899147E-9
3.418972482904813E-8
1.5352270565927029E-9
6.6465872805565596E-9
2.0881998352706432E-9
1.140506356023252E-8
5.1255483413115144E-8
3.656532499051249E-8
4.7344656196792595E-8
3.816239769072888E-9
1.2543750926852226E-8
4.336470738053322E-9
2.1973391994833946E-9
1.875014277175069E-8
3.447348717600107E-8
1.4602846931666136E-8
6.8757799454033375E-9
3.919558366761374E-8
1.0877556633204222E-8
7.989001460373402E-9
1.9121216610074043E-8
2.726155798882246E-7
9.630457498133183E-8
4.6711647883057594E-9
1.0641815606504679E-7
9.621726348996162E-8
1.0841176845133305E-7
7.846392691135406E-8
6.669142749160528E-8
1.1015799827873707E-8
2.2118911147117615E-8
4.797273689405301E-13
1.9984014443252818E-13
4.162226119319713E-13
3.0808688933348094E-13
2.8238522631340857E-13
8.193445921733655E-14
5.063172103803026E-13
1.6658896484500474E-13
1.000310945187266E-13
1.5615286841352827E-13
1.2569944374263287E-7
2.3207394406210297E-7
2.427550498396158E-7
4.448811523616314E-7
1.9071740101073154E-7
1.62399374017963E-8
1.3731187209486961E-7
1.594016794115305E-7
1.6292324289853E-7
2.1667801775038242E-7
4.493631422519684E-8
2.8533395379781723E-7
7.444759830832481E-8
1.1170050129294395E-7
4.3067848321020133E-7
5.25906216353178E-7
2.4097971645931082E-8
6.243353709578514E-7
5.568144842982292E-7
5.136826075613499E-7
1.0512303560972214E-7
5.705514922738075E-7
7.193302735686302E-7
6.426125764846802E-8
4.741596058011055E-7
6.254995241761208E-7
8.684583008289337E-8
5.774199962615967E-8
2.6193447412795057E-8
1.0575167834758759E-6
6.370246410369873E-7
2.6666093626559473E-6
1.1299271136522293E-6
1.28941610455513E-6
1.3185199350118637E-6
1.4277175068855286E-6
2.0349398255348206E-7
1.010950654745102E-6
8.062925189733505E-7
1.1397060006926307E-6
4.84660267829895E-6
1.181382686121779E-6
6.863847374916077E-7
1.9883736968040466E-7
7.110647857189178E-7
3.4971162677158163E-7
7.52834603548469E-6
8.088536574746286E-6
6.128102540969849E-7
5.899462848901749E-6
7.545575499534607E-6
1.9837170839309692E-7
5.0300732254981995E-6
5.930662155151367E-6
5.273148417472839E-6
1.4351681167923402E-6
1.6298145055770874E-7
6.942078499605486E-6
2.1280720829963684E-6
8.069910109056999E-6
3.2534822821617126E-5
5.319714546203613E-6
1.2969598174095154E-5
1.6316771791480278E-6
1.8676742911338806E-5
1.4137476682662964E-6
4.906207323074341E-6
2.8014183044433594E-5
2.623535692691803E-5
5.422160029411316E-6
1.0579824447631836E-6
1.6052275896294432E-5
2.0295381546020508E-5
2.4750829197728308E-5
1.982972025871277E-5
9.16793942451477E-6
3.353506326675415E-5
5.718320608139038E-6
3.234297037124634E-5
2.037733793258667E-6
2.380460500717163E-6
6.5632164478302E-5
1.3209879398345947E-5
2.25752592086792E-6
8.397549390792847E-5
9.097158908843994E-6
4.289671778678894E-6
2.2724270820617676E-7
6.532296538352966E-6
4.58303838968277E-6
9.629130363464355E-5
1.0186433792114258E-4
3.85493112844415E-5
3.129243850708008E-6
1.9790232181549072E-4
6.438791751861572E-5
2.164095640182495E-4
1.4975666999816895E-5
1.2709200382232666E-4
9.690225124359131E-5
5.361266985914881E-13
6.555866960411549E-13
4.789502128232925E-13
8.049116928532385E-14
8.415490526658687E-13
8.426592756904938E-14
3.079758670310185E-13
5.6754601018838E-13
1.4227508060571381E-12
5.841993555577578E-13
6.580352783203125E-5
6.857514381408691E-5
4.404783248901367E-5
8.821487426757812E-6
9.644031524658203E-5
2.5272369384765625E-5
8.440017700195312E-5
1.4448165893554688E-4
1.4474987983703613E-4
5.185604095458984E-6
2.8818845748901367E-4
5.058647366240621E-4
1.4889240264892578E-4
2.621412281769153E-4
6.121408705439535E-5
3.218650817871094E-5
5.769729614257812E-4
3.153085708618164E-5
9.331107139587402E-4
2.86102294921875E-4
0.0015020370483398438
8.209949592128396E-4
9.059906005859375E-5
3.0875205993652344E-5
5.422830599854933E-4
2.968311309814453E-5
1.2671947479248047E-4
0.001066446304321289
5.214214343141066E-4
6.0558319091796875E-5
0.0027549266815185547
0.004150867462158203
0.002530336380004883
0.0012192726135253906
0.0011611022055149078
2.446174621582031E-4
0.002315521240234375
6.921291351318359E-4
0.0016362667083740234
1.3184570707380772E-4
0.0024213790893554688
0.001712799072265625
4.663541913032532E-4
0.0051612891256809235
1.2683868408203125E-4
0.009047508239746094
0.003662109375
0.0012993812561035156
5.645751953125E-4
1.1491775512695312E-4
0.00529957190155983
0.006391555070877075
0.004100799560546875
0.010216772556304932
6.494671106338501E-4
0.013803482055664062
0.002475738525390625
0.01044464111328125
0.005534172174520791
7.791519165039062E-4
4.596710205078125E-4
0.010206222534179688
0.023107528686523438
0.011096954345703125
0.008401870727539062
0.0035648345947265625
4.00543212890625E-4
0.0125732421875
4.15802001953125E-4
0.017604827880859375
0.020218849182128906
0.00255584716796875
0.0305405855178833
0.01171875186264515
0.024627685546875
0.001194000244140625
0.024784088134765625
0.019763946533203125
9.49859619140625E-4
0.0198974609375
0.04065704345703125
0.0221099853515625
0.0403289794921875
0.14408111572265625
0.040485382080078125
0.01189422607421875
0.06283760070800781
0.03912353515625
0.13626909255981445
0.00180816650390625
0.330352783203125
0.13720703125
0.06695556640625
0.01611328125
0.1004486083984375
0.1521148681640625
0.146331787109375
0.1286020278930664
0.035797119140625
0.1430054008960724
2.589040093425865E-13
2.9665159217984183E-13
1.1395329124752607E-12
1.1695089341401403E-12
1.5900614158681492E-12
1.6482371023585074E-12
1.2043699371133714E-12
1.3011813848606835E-13
2.4868995751603507E-13
2.206457239140036E-12
0.017364501953125
0.032196044921875
0.257171630859375
0.165191650390625
0.038116455078125
0.165802001953125
0.0206298828125
0.059478759765625
0.284576416015625
0.4488525390625
0.2671513557434082
0.0681157112121582
0.01800537109375
0.314453125
0.0606689453125
0.009765625
0.3720703125
0.02001953125
0.544677734375
0.0201416015625
0.7937030792236328
0.60546875
1.0322265625
0.5458984375
1.1220703125
0.5299072265625
0.7316913604736328
0.0250244140625
0.024782180786132812
0.6678466796875
2.175537109375
0.188720703125
1.74072265625
0.19873809814453125
0.8154296875
1.560546875
0.50927734375
0.39599609375
1.27001953125
2.370849609375
2.53564453125
1.219757080078125
2.67626953125
0.3681640625
4.15234375
7.61376953125
0.06835937500000022
5.01708984375
6.72216796875
2.50341796875
0.294921875
5.7618408203125
6.9296875
2.6826171875
1.7491455078125
4.69921875
1.4609375
2.4873046875
8.8955078125
12.6357421875
6.779296875
9.2607421875
1.095703125
9.189453125
11.62109375
22.49609375
6.03515625
1.37890625
4.5263671875
9.10546875
1.119140625
33.9306640625
13.453125
49.5166015625
17.646728515625
9.0390625
2.0234375
33.078125
9.00390625
18.9765625
35.53125
55.6015625
39.1796875
9.9765625
68.6875
34.07421875
110.75
34.4453125
17.199462890625
7.359375
32.21875
105.78125
26.921875
89.5
172.40625
20.453125
11.890625
134.234375
75.609375
211.96875
4.178879464689089E-13
4.555911203851792E-12
2.135180920959101E-12
1.0369483049998964E-12
3.6415315207705135E-13
2.3869795029440866E-12
6.497913318526116E-12
1.2172485241990216E-12
4.076738946423575E-13
3.446132268436486E-13
263.90625
93.96875
217.09375
264.53125
56.71875
55.7578125
98.46875
26.546875
197.71875
295.515625
64.5625
527.375
335.375
179.375
269.3125
364.9375
15.8125
205.25
491.875
40.5625
3.007372129104637E-12
7.466915974418953E-12
1.1694645252191549E-11
4.4080294969717215E-12
4.284572696633404E-12
5.822009541134321E-12
5.377920331284258E-12
1.163424911965194E-11
7.52020667960096E-12
5.88418203051333E-12
9.9262820185686E-12
2.424727085781342E-12
4.716227408607665E-12
3.68594044175552E-12
8.528289185960602E-12
1.5900170069471642E-11
2.4726887204451486E-12
2.722977399116644E-11
1.3963941114525369E-11
1.039168751049153E-12
1.0786038728838321E-11
1.4885870314176684E-12
2.4861890324245906E-11
5.151434834260733E-12
4.099121042600018E-11
1.3134382470525504E-11
2.7196023211217835E-11
2.717115421546623E-11
3.0446756227320293E-12
2.6918911544271396E-11
1.311590835939569E-10
3.743139131984208E-11
5.0633275350266394E-11
5.5983662150538294E-11
3.199573939127731E-11
5.6701310313655995E-12
2.9316993277461734E-11
7.069189678077237E-11
6.306066779870972E-11
3.480948862488731E-11
2.32645902542572E-10
7.251799161167582E-11
1.0896883395616896E-10
2.459898951201467E-11
7.079847819113638E-11
7.337064289458796E-11
1.1738165994756855E-11
1.021760454023024E-11
6.80842049405328E-11
1.1041834113711957E-11
