5.612177389480166E-14
3.260169911811772E-13
1.5751289161869408E-13
3.0608848788915566E-13
1.354472090042691E-13
2.0483614804334157E-14
1.2168044349891716E-13
7.721601136267964E-14
2.2473689575974731E-13
2.4799606812564434E-13
2.063984538835939E-10
2.696083356568124E-10
1.6606804820190356E-10
7.631228982063476E-11
1.8988544070452928E-10
1.6902390598261263E-10
7.216272024379577E-11
2.2936319510336034E-11
2.7384317036195585E-10
2.546869382058503E-10
1.8337686924496666E-10
5.690026227966882E-11
5.349534148990642E-10
8.060396794462577E-11
4.0614622776047327E-10
3.059312803089746E-10
2.788738129311241E-10
7.215135156002361E-10
9.076757123693824E-10
6.03108674113173E-11
4.472440195970492E-10
9.879386198008433E-11
2.0361312635944078E-10
1.6519834389328042E-9
5.916263035032898E-10
8.034248821786605E-10
8.344613888787813E-11
7.412381819449365E-11
5.411493475548923E-11
1.398689164489042E-9
3.9676706364843994E-10
1.1559677659533984E-9
2.28214958042372E-9
1.0381882020737976E-9
2.6166162570007145E-9
1.874241206678562E-9
1.709850039333105E-10
1.2232703738845885E-9
1.3219505490269512E-9
1.2851160136055711E-9
2.0606689453125
3.0036062526050955E-9
1.2582859199045668E-9
0.743408203125
0.612060546875
1.1832275390625
0.63330078125
0.0899658203125
0.0301513671875
0.0213623046875
9.267751011066139E-10
6.575646693818271E-10
4.4428816181607544E-9
1.6025296645238996E-9
7.1931935963220894E-9
4.909452400170267E-9
5.4187694331902115E-9
5.860783858238302E-9
4.763933247886598E-9
4.1763996705412865E-9
4.200046532814488E-9
5.014953785575926E-9
3.965396899729967E-10
1.6285412129946053E-8
9.01854946278078E-9
4.309185897000134E-9
8.350980351679027E-9
1.0984877008013427E-8
1.0160874808207154E-8
2.3752363631501794E-8
2.6891939342021942E-8
1.7695128917694092E-8
2.624801709316671E-8
1.766966306604445E-8
5.666515789926052E-8
1.7491402104496956E-8
1.2911186786382042E-8
4.285539034781143E-9
5.313631845638156E-8
4.0126906242221594E-8
1.4770193956792355E-9
3.695458872243762E-8
3.330205800011754E-8
7.843482308089733E-9
2.9976945370435715E-8
3.982131602590211E-8
9.269570000469685E-9
3.3163814805448055E-8
1.9936123867199396E-9
4.438334145001545E-8
1.8262653611627504E-8
1.2412783689796925E-7
1.2034433893859386E-8
7.086782716214657E-9
7.812923286110163E-8
4.20113792642951E-8
6.74335751682791E-8
1.2386590242385864E-7
2.5625922717154026E-8
1.227017492055893E-7
1.7075230118734908E-13
5.749289933021375E-13
3.130273817930629E-13
3.8075098629519744E-13
9.958700530887654E-14
3.1757929619402603E-13
7.130407375655068E-13
3.035349749325178E-13
7.238099009043708E-13
4.2299497238218464E-14
2.6766792871057987E-7
1.5567638912694637E-7
2.8783688321709633E-8
1.431617420166731E-7
1.6065314412117004E-7
2.293381839990616E-8
2.843444235622883E-8
4.4994521886218726E-8
1.334992703050375E-7
3.0529918149807544E-7
7.08969309926033E-8
7.546041160821915E-7
2.7765054255723953E-8
2.5582266971468925E-7
1.5040859580039978E-7
1.4028046280145645E-8
2.051820047199726E-7
4.091998562216759E-8
5.388865247368813E-7
1.7054844651115397E-8
2.828892320394516E-8
2.966262400150299E-7
7.814960554242134E-7
3.9709266275167465E-7
1.5560071919829E-6
1.7310958361216322E-7
1.0223593562841415E-6
7.448252290487289E-7
6.271293386816978E-7
1.6681151469022382E-6
1.1152587831020355E-7
1.6470439732083411E-6
1.0756775736808777E-7
3.977911546826363E-6
3.2673124223947525E-6
2.749497071796725E-6
2.5816261768341064E-6
6.698537617921829E-7
3.018183633685112E-6
6.444752216339111E-7
1.0291114449501038E-7
3.974884748458862E-6
5.066394805908203E-7
3.4365803003311157E-7
2.432148903608322E-6
3.133900463581085E-7
1.234002411365509E-7
8.228235017782026E-7
4.26312909240778E-6
9.308569133281708E-6
4.09875067930443E-6
3.166496753692627E-7
7.851049588225578E-7
1.582317054271698E-6
1.1082738637924194E-7
1.1641532183803704E-6
4.736706614494324E-6
7.674098014831543E-7
2.637505531311035E-6
2.0675361156463623E-6
3.036111650089879E-6
1.356936996899094E-5
1.319684088230133E-5
1.3394281268119812E-5
1.3820827007293701E-6
2.4670735001564026E-5
2.216920256659094E-5
9.449198842048645E-6
9.894371032714844E-6
8.940696716308594E-6
2.7574598789215088E-5
6.190314934428898E-5
2.734363079071045E-6
6.966292858123779E-7
2.8643757104873657E-5
2.8662384011113318E-5
3.978610038757324E-6
8.512288331985474E-6
1.6011297702789307E-5
1.0505318641662598E-5
5.647540092468262E-6
3.188848677382339E-5
5.751848220825195E-6
9.904801845550537E-5
6.496906645026002E-5
3.699213448271621E-5
1.8790364265441895E-5
4.21479353462928E-5
4.223734504193999E-5
7.601827473990852E-5
1.3269484043121338E-4
1.1563301086425781E-5
3.463029861450195E-5
2.0587444305419922E-4
4.464387893676758E-5
1.579523814143613E-5
1.490265130996704E-4
1.1499226093292236E-4
4.960596561431885E-5
1.3054907321929932E-4
5.67323965583455E-13
7.002176616310862E-13
1.8640644583456378E-13
1.843192265482685E-12
6.914468997365475E-13
1.7489343306920093E-12
1.2967404927621828E-12
5.380140777333509E-13
5.343503417520878E-13
1.3359313655314509E-12
1.804828643798828E-4
6.449222564697266E-5
1.3789537479169667E-4
4.142522823258332E-5
1.4930963516235352E-5
9.119510650634766E-6
1.3270974159240723E-4
4.35560941696167E-4
2.193450927734375E-5
2.205967903137207E-4
4.652738571166992E-4
5.87761402130127E-4
2.956986427307129E-4
3.578662872314453E-4
3.9923191116031376E-4
1.404881477355957E-4
4.227161407470703E-4
1.9955635116275516E-4
1.4007091522216797E-5
2.8014183044433594E-5
2.703666687011719E-4
5.908012390136719E-4
5.055665969848633E-4
6.830692291259766E-5
6.585121154785156E-4
0.0011811261083494173
5.089044570922852E-4
2.720355987548828E-4
5.769729614257812E-4
5.19871711730957E-4
2.9754638671875E-4
0.002193450927734375
0.0010707378387451172
0.0011591911315917969
0.001538991928100586
0.0021314620971679688
0.004996299743652344
7.22171738743782E-4
9.598731994628906E-4
5.292892456054688E-4
0.002136707305908203
3.77655029296875E-4
0.0021867752075195312
1.9454958965070546E-4
0.003139972686767578
0.0023365020751953125
0.0021009445190429688
0.0020728111267089844
0.0026693344116210938
3.0612945556640625E-4
7.600784301757812E-4
0.009755134582519531
0.0022859573364257812
0.004778861999511719
0.005057334899902344
0.006847381591796875
2.346038818359375E-4
0.006289482116699219
0.008559226989746094
0.010944366455078125
0.009042739868164062
0.018657684326171875
0.00457763671875
0.015623152256011963
5.035400390625E-4
0.01334381103515625
0.01880645751953125
0.0058441162109375
0.0010585784912109375
0.002361297607421875
0.0292816162109375
0.032165527576580644
0.036762237548828125
0.051483154296875
0.0426788330078125
9.49859619140625E-4
0.01872253604233265
0.001857757568359375
0.007556915283203125
0.0231475830078125
0.14813995361328125
0.03510332107543945
0.01779937744140625
0.06995391845703125
0.00611114501953125
0.00238037109375
0.0048370361328125
0.04798126220703125
0.00556182861328125
0.005683906376361847
0.012191802263259888
0.226898193359375
0.1143341064453125
0.003509521484375007
0.121307373046875
0.1432342529296875
0.1458892822265625
0.143646240234375
0.003997802734375
0.065887451171875
1.1168843627729075E-13
1.6437962102600068E-12
1.1501910535116622E-13
4.956035581926707E-13
6.039613253960862E-14
2.9007907187406106E-12
5.759837051755312E-13
1.963984530561902E-12
2.056355086210715E-12
6.192824031359123E-13
0.20117950439453125
0.15728771686553955
0.02450573444366455
0.0673828125
0.28805553913116455
0.03802490234375
0.305694580078125
0.146087646484375
0.05426025390625
0.177947998046875
0.4541015625
0.13812255859375
0.2781982421875
0.27081298828125
0.28863525390625
0.1978764533996582
0.0967409610748291
0.0523681640625
0.3887939453125
0.32403564453125
0.1658954620361328
0.4359130859375
0.1683349609375
0.5963134765625
0.1754150390625
0.8956298828125
0.588134765625
0.4510498046875
0.18798828125
0.09399604797363281
0.153564453125
0.367431640625
0.126220703125
0.249267578125
1.88037109375
0.881591796875
0.30908203125
0.19140625
0.24854278564453125
0.20654296875
2.515625
6.6357421875
1.1201171875
0.62890625
6.86474609375
3.240234375
2.642578125
0.10791015625
2.73779296875
0.662109375
7.013671875
3.5811920166015625
0.552734375
2.1591796875
6.7880859375
4.240234375
3.892578125
5.025390625
7.6181640625
4.6240234375
0.609375
5.41015625
0.52978515625
5.30859375
5.6337890625
21.5703125
13.431640625
0.4609375
12.427734375
14.568359375
1.0390625
1.98828125
32.39453125
46.8046875
3.72265625
18.205078125
18.953125
24.55078125
8.90234375
2.9453125
10.4609375
2.3515625
36.484375
69.296875
33.0703125
13.6953125
73.015625
1.9062500000000036
17.703125
1.4765625
47.4375
141.046875
11.5
3.53125
133.125
59.8125
165.734375
26.640625
98.4296875
165.625
4.423572619316474E-12
3.6637359812630166E-13
4.0678571622265736E-13
2.4504842599526455E-12
2.7355895326763857E-13
2.504219054344503E-12
1.871836019518014E-12
2.2866153415179724E-12
5.773159728050814E-13
1.0036416142611415E-13
87.84375
239.25
320.375
208.5625
22.28125
177.6953125
8.59375
7.9375
327.09375
212.93798828125
271.3125
15.5
273.125
240.0625
29.640625
718.625
113.8125
108.0
81.75
69.03125
9.704237413643568E-12
4.055422664350772E-12
6.802558516483259E-12
5.879741138414829E-13
2.346567384847731E-12
2.2719603975929203E-12
4.525269048372141E-12
6.02895511292445E-12
6.6062710857295315E-12
4.333422509716911E-12
2.3437252139046905E-11
8.499867476530198E-12
9.741540907270974E-12
7.787548383930698E-12
1.8181012251261564E-11
2.4160229372682807E-11
5.796252366963017E-12
1.3606893389805919E-11
5.169198402654737E-13
9.119816013480886E-12
1.70103930940968E-11
4.0252245980809676E-11
1.6136425529112082E-11
1.3361756145969098E-11
6.178169087434071E-12
4.288125410312219E-12
5.899636335016112E-11
2.0357049379527517E-12
2.1660895299646654E-11
8.72901750881283E-12
6.37854213891842E-11
3.2621016998747854E-11
7.108269528544042E-11
6.38493702354026E-11
3.171862772433087E-11
6.801315066695679E-11
2.015099198615644E-11
3.8269831748038996E-11
1.958255779754836E-11
7.153744263632854E-11
1.573994268255774E-10
1.531219595563082E-10
8.422773589700228E-11
2.025757339652178E-10
1.4399859082915514E-10
9.833911462919812E-12
7.528910828114022E-11
6.905054306116654E-11
2.4215296434704214E-10
1.4581758023268776E-10
5.612177389480166E-14
3.260169911811772E-13
1.5751289161869408E-13
3.0608848788915566E-13
1.354472090042691E-13
2.0483614804334157E-14
1.2168044349891716E-13
7.721601136267964E-14
2.2473689575974731E-13
2.4799606812564434E-13
2.063984538835939E-10
2.696083356568124E-10
1.6606804820190356E-10
7.631228982063476E-11
1.8988544070452928E-10
1.6902390598261263E-10
7.216272024379577E-11
2.2936319510336034E-11
2.7384317036195585E-10
2.546869382058503E-10
1.8337686924496666E-10
5.690026227966882E-11
5.349534148990642E-10
8.060396794462577E-11
4.0614622776047327E-10
3.059312803089746E-10
2.788738129311241E-10
7.215135156002361E-10
9.076757123693824E-10
6.03108674113173E-11
4.472440195970492E-10
9.879386198008433E-11
2.0361312635944078E-10
1.6519834389328042E-9
5.916263035032898E-10
8.034248821786605E-10
8.344613888787813E-11
7.412381819449365E-11
5.411493475548923E-11
1.398689164489042E-9
3.9676706364843994E-10
1.1559677659533984E-9
2.28214958042372E-9
1.0381882020737976E-9
2.6166162570007145E-9
1.874241206678562E-9
1.709850039333105E-10
1.2232703738845885E-9
1.3219505490269512E-9
1.2851160136055711E-9
2.0606689453125
3.0036062526050955E-9
1.2582859199045668E-9
0.743408203125
0.612060546875
1.1832275390625
0.63330078125
0.0899658203125
0.0301513671875
0.0213623046875
9.267751011066139E-10
6.575646693818271E-10
4.4428816181607544E-9
1.6025296645238996E-9
7.1931935963220894E-9
4.909452400170267E-9
5.4187694331902115E-9
5.860783858238302E-9
4.763933247886598E-9
4.1763996705412865E-9
4.200046532814488E-9
5.014953785575926E-9
3.965396899729967E-10
1.6285412129946053E-8
9.01854946278078E-9
4.309185897000134E-9
8.350980351679027E-9
1.0984877008013427E-8
1.0160874808207154E-8
2.3752363631501794E-8
2.6891939342021942E-8
1.7695128917694092E-8
2.624801709316671E-8
1.766966306604445E-8
5.666515789926052E-8
1.7491402104496956E-8
1.2911186786382042E-8
4.285539034781143E-9
5.313631845638156E-8
4.0126906242221594E-8
1.4770193956792355E-9
3.695458872243762E-8
3.330205800011754E-8
7.843482308089733E-9
2.9976945370435715E-8
3.982131602590211E-8
9.269570000469685E-9
3.3163814805448055E-8
1.9936123867199396E-9
4.438334145001545E-8
1.8262653611627504E-8
1.2412783689796925E-7
1.2034433893859386E-8
7.086782716214657E-9
7.812923286110163E-8
4.20113792642951E-8
6.74335751682791E-8
1.2386590242385864E-7
2.5625922717154026E-8
1.227017492055893E-7
1.7075230118734908E-13
5.749289933021375E-13
3.130273817930629E-13
3.8075098629519744E-13
9.958700530887654E-14
3.1757929619402603E-13
7.130407375655068E-13
3.035349749325178E-13
7.238099009043708E-13
4.2299497238218464E-14
2.6766792871057987E-7
1.5567638912694637E-7
2.8783688321709633E-8
1.431617420166731E-7
1.6065314412117004E-7
2.293381839990616E-8
2.843444235622883E-8
4.4994521886218726E-8
1.334992703050375E-7
3.0529918149807544E-7
7.08969309926033E-8
7.546041160821915E-7
2.7765054255723953E-8
2.5582266971468925E-7
1.5040859580039978E-7
1.4028046280145645E-8
2.051820047199726E-7
4.091998562216759E-8
5.388865247368813E-7
1.7054844651115397E-8
2.828892320394516E-8
2.966262400150299E-7
7.814960554242134E-7
3.9709266275167465E-7
1.5560071919829E-6
1.7310958361216322E-7
1.0223593562841415E-6
7.448252290487289E-7
6.271293386816978E-7
1.6681151469022382E-6
1.1152587831020355E-7
1.6470439732083411E-6
1.0756775736808777E-7
3.977911546826363E-6
3.2673124223947525E-6
2.749497071796725E-6
2.5816261768341064E-6
6.698537617921829E-7
3.018183633685112E-6
6.444752216339111E-7
1.0291114449501038E-7
3.974884748458862E-6
5.066394805908203E-7
3.4365803003311157E-7
2.432148903608322E-6
3.133900463581085E-7
1.234002411365509E-7
8.228235017782026E-7
4.26312909240778E-6
9.308569133281708E-6
4.09875067930443E-6
3.166496753692627E-7
7.851049588225578E-7
1.582317054271698E-6
1.1082738637924194E-7
1.1641532183803704E-6
4.736706614494324E-6
7.674098014831543E-7
2.637505531311035E-6
2.0675361156463623E-6
3.036111650089879E-6
1.356936996899094E-5
1.319684088230133E-5
1.3394281268119812E-5
1.3820827007293701E-6
2.4670735001564026E-5
2.216920256659094E-5
9.449198842048645E-6
9.894371032714844E-6
8.940696716308594E-6
2.7574598789215088E-5
6.190314934428898E-5
2.734363079071045E-6
6.966292858123779E-7
2.8643757104873657E-5
2.8662384011113318E-5
3.978610038757324E-6
8.512288331985474E-6
1.6011297702789307E-5
1.0505318641662598E-5
5.647540092468262E-6
3.188848677382339E-5
5.751848220825195E-6
9.904801845550537E-5
6.496906645026002E-5
3.699213448271621E-5
1.8790364265441895E-5
4.21479353462928E-5
4.223734504193999E-5
7.601827473990852E-5
1.3269484043121338E-4
1.1563301086425781E-5
3.463029861450195E-5
2.0587444305419922E-4
4.464387893676758E-5
1.579523814143613E-5
1.490265130996704E-4
1.1499226093292236E-4
4.960596561431885E-5
1.3054907321929932E-4
5.67323965583455E-13
7.002176616310862E-13
1.8640644583456378E-13
1.843192265482685E-12
6.914468997365475E-13
1.7489343306920093E-12
1.2967404927621828E-12
5.380140777333509E-13
5.343503417520878E-13
1.3359313655314509E-12
1.804828643798828E-4
6.449222564697266E-5
1.3789537479169667E-4
4.142522823258332E-5
1.4930963516235352E-5
9.119510650634766E-6
1.3270974159240723E-4
4.35560941696167E-4
2.193450927734375E-5
2.205967903137207E-4
4.652738571166992E-4
5.87761402130127E-4
2.956986427307129E-4
3.578662872314453E-4
3.9923191116031376E-4
1.404881477355957E-4
4.227161407470703E-4
1.9955635116275516E-4
1.4007091522216797E-5
2.8014183044433594E-5
2.703666687011719E-4
5.908012390136719E-4
5.055665969848633E-4
6.830692291259766E-5
6.585121154785156E-4
0.0011811261083494173
5.089044570922852E-4
2.720355987548828E-4
5.769729614257812E-4
5.19871711730957E-4
2.9754638671875E-4
0.002193450927734375
0.0010707378387451172
0.0011591911315917969
0.001538991928100586
0.0021314620971679688
0.004996299743652344
7.22171738743782E-4
9.598731994628906E-4
5.292892456054688E-4
0.002136707305908203
3.77655029296875E-4
0.0021867752075195312
1.9454958965070546E-4
0.003139972686767578
0.0023365020751953125
0.0021009445190429688
0.0020728111267089844
0.0026693344116210938
3.0612945556640625E-4
7.600784301757812E-4
0.009755134582519531
0.0022859573364257812
0.004778861999511719
0.005057334899902344
0.006847381591796875
2.346038818359375E-4
0.006289482116699219
0.008559226989746094
0.010944366455078125
0.009042739868164062
0.018657684326171875
0.00457763671875
0.015623152256011963
5.035400390625E-4
0.01334381103515625
0.01880645751953125
0.0058441162109375
0.0010585784912109375
0.002361297607421875
0.0292816162109375
0.032165527576580644
0.036762237548828125
0.051483154296875
0.0426788330078125
9.49859619140625E-4
0.01872253604233265
0.001857757568359375
0.007556915283203125
0.0231475830078125
0.14813995361328125
0.03510332107543945
0.01779937744140625
0.06995391845703125
0.00611114501953125
0.00238037109375
0.0048370361328125
0.04798126220703125
0.00556182861328125
0.005683906376361847
0.012191802263259888
0.226898193359375
0.1143341064453125
0.003509521484375007
0.121307373046875
0.1432342529296875
0.1458892822265625
0.143646240234375
0.003997802734375
0.065887451171875
1.1168843627729075E-13
1.6437962102600068E-12
1.1501910535116622E-13
4.956035581926707E-13
6.039613253960862E-14
2.9007907187406106E-12
5.759837051755312E-13
1.963984530561902E-12
2.056355086210715E-12
6.192824031359123E-13
0.20117950439453125
0.15728771686553955
0.02450573444366455
0.0673828125
0.28805553913116455
0.03802490234375
0.305694580078125
0.146087646484375
0.05426025390625
0.177947998046875
0.4541015625
0.13812255859375
0.2781982421875
0.27081298828125
0.28863525390625
0.1978764533996582
0.0967409610748291
0.0523681640625
0.3887939453125
0.32403564453125
0.1658954620361328
0.4359130859375
0.1683349609375
0.5963134765625
0.1754150390625
0.8956298828125
0.588134765625
0.4510498046875
0.18798828125
0.09399604797363281
0.153564453125
0.367431640625
0.126220703125
0.249267578125
1.88037109375
0.881591796875
0.30908203125
0.19140625
0.24854278564453125
0.20654296875
2.515625
6.6357421875
1.1201171875
0.62890625
6.86474609375
3.240234375
2.642578125
0.10791015625
2.73779296875
0.662109375
7.013671875
3.5811920166015625
0.552734375
2.1591796875
6.7880859375
4.240234375
3.892578125
5.025390625
7.6181640625
4.6240234375
0.609375
5.41015625
0.52978515625
5.30859375
5.6337890625
21.5703125
13.431640625
0.4609375
12.427734375
14.568359375
1.0390625
1.98828125
32.39453125
46.8046875
3.72265625
18.205078125
18.953125
24.55078125
8.90234375
2.9453125
10.4609375
2.3515625
36.484375
69.296875
33.0703125
13.6953125
73.015625
1.9062500000000036
17.703125
1.4765625
47.4375
141.046875
11.5
3.53125
133.125
59.8125
165.734375
26.640625
98.4296875
165.625
4.423572619316474E-12
3.6637359812630166E-13
4.0678571622265736E-13
2.4504842599526455E-12
2.7355895326763857E-13
2.504219054344503E-12
1.871836019518014E-12
2.2866153415179724E-12
5.773159728050814E-13
1.0036416142611415E-13
87.84375
239.25
320.375
208.5625
22.28125
177.6953125
8.59375
7.9375
327.09375
212.93798828125
271.3125
15.5
273.125
240.0625
29.640625
718.625
113.8125
108.0
81.75
69.03125
9.704237413643568E-12
4.055422664350772E-12
6.802558516483259E-12
5.879741138414829E-13
2.346567384847731E-12
2.2719603975929203E-12
4.525269048372141E-12
6.02895511292445E-12
6.6062710857295315E-12
4.333422509716911E-12
2.3437252139046905E-11
8.499867476530198E-12
9.741540907270974E-12
7.787548383930698E-12
1.8181012251261564E-11
2.4160229372682807E-11
5.796252366963017E-12
1.3606893389805919E-11
5.169198402654737E-13
9.119816013480886E-12
1.70103930940968E-11
4.0252245980809676E-11
1.6136425529112082E-11
1.3361756145969098E-11
6.178169087434071E-12
4.288125410312219E-12
5.899636335016112E-11
2.0357049379527517E-12
2.1660895299646654E-11
8.72901750881283E-12
6.37854213891842E-11
3.2621016998747854E-11
7.108269528544042E-11
6.38493702354026E-11
3.171862772433087E-11
6.801315066695679E-11
2.015099198615644E-11
3.8269831748038996E-11
1.958255779754836E-11
7.153744263632854E-11
1.573994268255774E-10
1.531219595563082E-10
8.422773589700228E-11
2.025757339652178E-10
1.4399859082915514E-10
9.833911462919812E-12
7.528910828114022E-11
6.905054306116654E-11
2.4215296434704214E-10
1.4581758023268776E-10
