1.2004286453759505E-13
9.603429163007604E-15
1.450506381672767E-13
1.438849039914203E-13
3.054778652256118E-13
4.268807529683727E-14
2.375877272697835E-13
1.5848433676524122E-14
1.2678746941219288E-13
1.234568003383174E-13
3.6357050703372817E-10
1.6581225281697698E-10
1.5424461707882902E-10
1.589341991348192E-10
2.851550107152434E-10
4.086757598997792E-10
1.7308821043117364E-10
2.0179413695586845E-11
1.377316038997643E-10
1.4125589586910792E-11
5.587708074017428E-11
4.920366336591542E-10
3.0757973945583217E-10
1.1937117960769683E-11
8.296865416923538E-10
3.076934262936067E-10
2.0122570276739272E-11
3.821014615823515E-10
5.536548997042701E-10
2.878550731111318E-10
6.286882126009602E-10
3.2889602152863517E-10
5.810534275951795E-10
2.1191226551309228E-10
5.58998181077186E-10
1.857642928371206E-10
9.949872037397953E-10
7.003109203651547E-10
1.0099938663192603E-9
7.266862667167814E-10
2.3478605726268142E-9
3.0288447305794E-9
8.481038094032556E-11
2.191882231272757E-9
1.6002559277694672E-9
1.1489191820146582E-9
1.682337824604474E-9
1.222815626535449E-9
1.9376784621272236E-9
1.1227712093388917E-9
2.55931809078902E-9
3.710738383233812E-10
3.728018782567233E-9
1.120952219935134E-9
4.143203113933351E-9
4.183220880818136E-9
3.839886630885303E-9
4.414232535065072E-9
1.1536940291989595E-9
1.7171259969472885E-9
2.1373125491663814E-10
3.8744474295526743E-10
4.217326932121068E-9
3.6561687011271715E-9
5.1522874855436385E-9
4.399225872475654E-9
1.1132215149700642E-8
4.0381564758718014E-10
4.158209776505828E-9
2.2464519133791327E-10
3.9835867937654257E-10
9.220457286573946E-9
4.747562343254685E-10
1.8553691916167736E-9
2.3614120436835697E-8
1.635817170608831E-8
5.078618414700031E-9
7.92533683124972E-9
4.156390787102282E-9
1.3023964129388332E-9
2.508386387489736E-8
3.6598066799342632E-9
1.6465492080897093E-8
2.212982508353889E-8
9.73886926658621E-9
1.543958205729723E-8
1.1797965271398425E-8
2.521119313314557E-8
1.5304976841434836E-8
4.099274519830942E-8
9.516952559351921E-9
2.248270902789455E-9
6.693881005048752E-9
9.281211532652378E-8
4.137109499424696E-8
3.563036443666301E-8
3.280729288278675E-8
4.779576556757177E-8
1.6880221668374995E-8
5.391484592109919E-9
1.379521564343067E-8
1.447770046139607E-7
8.074857760220766E-8
1.1797237675637007E-7
2.764863893389702E-9
2.2363383322954178E-7
5.5879354483867605E-8
1.0535586632276495E-8
6.314076017588377E-8
1.9234721548855305E-7
2.939315457695102E-13
2.857714065385153E-13
4.2510439612897244E-13
6.572520305780937E-14
3.070876886113183E-13
3.2679414729841483E-13
5.69488900481474E-13
4.0190073491430667E-13
2.726152636967072E-13
2.685074385055941E-13
7.255584932863712E-8
3.133609425276518E-7
1.5544355846952313E-7
5.122274162133408E-9
2.621382009239089E-7
1.5104888007055634E-7
1.27300154431631E-7
1.6420381143689156E-7
3.943569026887417E-8
1.4406396076083183E-8
1.6123522073030472E-8
2.4831388145685196E-7
2.6298221200704575E-7
1.367880031466484E-7
5.86675014346838E-7
6.397021934390068E-8
5.369656719267368E-7
6.833579391241074E-8
1.30385160446167E-7
5.857436917722225E-7
8.292263373732567E-7
5.320180229868854E-8
3.725290298461914E-8
8.919741958379745E-7
1.3294629752635956E-7
1.4031538739800453E-6
5.996553227305412E-7
5.960464477539062E-7
3.5529956221580505E-7
2.3515895009040833E-8
1.580687239766121E-6
7.047783583402634E-7
1.9420403987169266E-6
2.4444889277219772E-6
2.293847502166102E-6
2.057757229056989E-6
2.118060365319252E-6
2.0919833334520632E-6
4.7497451305389404E-8
1.0624062269926071E-6
5.11854887008667E-6
2.3054890343487955E-6
2.7031637728214264E-6
7.427297532558441E-7
5.736947059631348E-7
4.195608198642731E-6
6.7711807787418365E-6
3.217253841114598E-6
2.971850335629217E-6
2.277083694934845E-6
4.020519554615021E-6
4.736706614494324E-6
1.0926276445402672E-5
7.945112940888066E-6
4.685483929733891E-6
4.7227367758750916E-6
6.645917892456055E-6
4.338100566769754E-6
1.1107884347438812E-5
7.1963295340538025E-6
2.6825815439224243E-5
3.3155083656311035E-7
4.764646291732788E-6
4.591420292854309E-6
3.0567869544029236E-5
2.1442770957946777E-5
1.288577914237976E-5
6.224960088729858E-6
1.1982396245002747E-5
2.372823658447487E-5
1.7348676919937134E-5
5.960464491749917E-6
2.8010457754135132E-5
7.934868335723877E-7
2.8312206268310547E-6
1.147389468991733E-6
9.126961231231689E-7
1.9054859876854735E-5
3.7476420402526855E-6
8.288770914077759E-6
1.0865926742553711E-4
6.826221942912714E-5
1.9766390323638916E-5
7.069110881730012E-5
6.266683340072632E-5
9.18656587600708E-6
3.1739474479763885E-6
1.8648803234100342E-5
5.4895877838134766E-5
3.2529234886169434E-5
8.916854858398438E-5
7.580221426906064E-5
8.003413768165046E-5
9.517371654510498E-5
2.8862059116363525E-4
1.4677643775939941E-5
2.06679105758667E-5
7.241964340209961E-5
1.0499358177185059E-4
3.948807716369629E-6
8.095746295566641E-13
5.4989346409684E-13
1.1506351427215122E-12
3.9523939676655573E-13
5.473399511402026E-13
9.651168753066486E-13
1.2958523143424827E-12
6.843414723789465E-13
1.5194512315019892E-12
5.673239655834555E-14
3.859400749206543E-5
2.09808349609375E-5
8.288025856018066E-5
5.604922771453857E-4
1.4397501945495605E-4
1.3202428817749023E-5
1.7341971397399902E-4
3.195405008682428E-4
2.8464198112487793E-4
1.5270709991455078E-4
1.6927719116210938E-5
2.3126602627598913E-5
6.093382835388184E-4
5.335212044883519E-4
4.414320064825006E-4
1.5336275146182743E-4
1.3762712478637695E-4
4.1031837463378906E-4
1.6611815226497129E-4
3.0738115310668945E-4
0.0015865564346313477
6.0439109802246094E-5
1.0037422180175781E-4
0.001311659812927246
5.785226821899414E-4
0.00107658002525568
3.705024719238281E-4
0.0017608408816158772
5.955696105957031E-4
8.845329284667969E-5
1.8215272575616837E-4
1.6951560974121094E-4
0.0013911724090576172
0.0013179779052734375
0.0015163421630859375
7.450581761077046E-4
2.0313309505581856E-4
3.5500526428222656E-4
0.0012969970703125
8.525848388671875E-4
0.0014061928122828249
2.613067626953125E-4
0.002472884953022003
0.0016093254089355469
0.0044536590576171875
8.96453857421875E-5
0.0023627281188964844
0.0023107528686523438
0.005370140075683594
8.645057678222656E-4
0.007894515991210938
0.0032806396484375
0.006154090166091919
9.5367431640625E-4
2.6416778564453125E-4
0.007038116455078125
0.0036020278930664062
0.0068569183349609375
0.011973381042480469
3.757476806640625E-4
0.0015125274658203125
0.009899139869958162
0.022382736206054688
0.005294829607009888
0.02117927372455597
0.016197205055505037
0.0052032470703125
5.435943603515625E-4
0.019830703735351562
0.018526077270507812
0.045200347900390625
0.00299072265625
0.040996551513671875
0.01776504539884627
0.017551422119140625
0.022777557373046875
0.016704561188817024
0.02483367919921875
0.00281524658203125
8.544921875E-4
0.06414031982421875
0.0484466552734375
0.060791015625
0.0123748779296875
0.0031280517578125
0.00135040283203125
0.026962280273437503
0.06072998046875
0.04477691650390625
0.09221649169921875
0.0738677978515625
0.09832763671875
0.0505218505859375
0.0870208740234375
0.0235595703125
0.07537844777107239
0.010116580873727798
0.022003203630447388
0.1588897705078125
0.0813446044921875
1.6047163597932029E-12
1.0882406087375784E-12
1.574962382733247E-12
1.9817480989559044E-12
1.2541079286165772E-12
1.13464793116691E-13
3.1463720517876936E-13
1.7721379919066749E-12
2.1029844532449748E-12
1.4153123117921496E-12
0.048004150390625
0.475738525390625
0.09613037109375
0.0211181640625
0.274993896484375
0.332794189453125
0.148956298828125
0.20328521728515625
0.165283203125
0.267974853515625
1.3401731848716736E-6
0.52886962890625
0.42333984375
0.31781005859375
0.3006591796875
0.29473876953125
0.92041015625
0.26104736328125
0.24273681640625
0.6495361328125
0.353759765625
0.7261981964111328
0.9436037540435791
0.371337890625
0.73193359375
1.3741455078125
0.2254638671875
0.081787109375
0.1540529727935791
0.03369331359863281
0.129638671875
2.462890625
2.358642578125
1.0693359375
1.18701171875
1.8776931762695312
0.0712890625
1.344482421875
2.51416015625
1.574462890625
6.1181640625
3.64599609375
0.643096923828125
2.10693359375
1.24072265625
3.63232421875
2.2548828125
0.140167236328125
0.6611328125
1.611328125
4.1934814453125
14.509765625
2.6513671875
4.2080078125
3.5263671875
7.36328125
6.0712890625
4.80078125
1.7119140625
0.26464843750000044
25.833984375
3.248046875
10.296875
10.521484375
15.154296875
7.50390625
14.0927734375
2.509765625
0.57861328125
18.908203125
36.6796875
16.72265625
3.77734375
6.11328125
6.16796875
10.9453125
1.0048828125
31.0352783203125
18.75390625
16.921875
17.9140625
7.8828125
26.57421875
95.7734375
1.90625
111.3046875
47.8828125
98.7421875
91.578125
75.5703125
4.28125
4.34375
4.625
78.15625
89.8125
66.96875
75.0625
180.34375
88.1328125
73.5
3.756994715331536E-12
5.102585021177219E-13
1.085354028873553E-12
2.184474823252458E-12
4.805045250577746E-13
6.741274205523951E-13
2.114308728096148E-12
1.170619157164765E-12
4.56967796935716E-13
1.936673044156123E-12
157.1875
6.53125
41.40625
10.125
270.96875
160.15625
224.546875
227.71923828125
167.375
103.0625
416.625
359.6875
15.8125
48.25
309.0625
541.4375
39.8125
84.125
292.875
299.8125
2.8370413929224014E-6
5.027089855502709E-13
3.61843888185831E-12
2.0845327526330948E-6
1.0614749044179916E-6
1.9022263587215038E-7
4.045199602842331E-6
2.8870999813079834E-7
1.8519349405110574E-6
6.142072379589081E-7
9.972467296393006E-12
1.3601564319287718E-11
3.0961899710746366E-12
2.225775119768514E-12
8.872902412804251E-12
1.653432946113753E-11
1.6910917111090384E-11
7.602807272633072E-13
3.2791547255328624E-12
1.183586562092392E-11
2.8343549729470396E-11
2.7682744985213503E-11
4.600764214046649E-12
3.092637257395836E-11
1.6196821661651484E-11
1.9262813566456342E-11
3.105782298007398E-11
1.9188206579201506E-11
2.6471269620742532E-11
1.8214763031210168E-11
1.4594547792512458E-11
5.854872142663232E-12
4.710898338089464E-11
1.13473674900888E-11
7.689493486395804E-11
3.416289473534562E-11
8.895995051716467E-12
2.462030579408747E-11
6.64357457935694E-12
3.3196556614713535E-11
3.2514435588382185E-11
2.1756818568974294E-11
1.0189182830799839E-10
1.8710011318034958E-10
7.705125426582526E-11
1.048050535246148E-10
2.0324364413681906E-10
1.8104628907167353E-11
1.276987404708052E-10
1.8033574633591343E-10
