2.219335826225688E-13
1.3783418850721318E-13
1.1898815266420118E-13
1.2367884494324244E-13
3.4017233474514796E-13
2.6201263381153694E-13
1.5815126985785355E-13
4.876654635666E-13
3.386180225106729E-14
1.5101808692463694E-13
1.4637180356658064E-11
1.9812773643934634E-10
3.8764369492128026E-10
1.8886225916503463E-10
1.2514078662206884E-10
7.821654435247183E-11
1.297735252592247E-10
1.3812950783176451E-11
3.998934516857844E-11
1.4875922715873457E-10
4.0540726331528276E-10
5.272227099339943E-10
1.2641976354643708E-10
4.6497916628140956E-11
5.152287485544697E-10
3.085460775764659E-10
2.446540747769177E-10
4.123990038351754E-10
7.37827576813288E-11
6.29768237558892E-10
2.526121534174308E-10
2.6216184778604656E-10
7.695462045376189E-10
3.0729552236152813E-10
8.353708835784346E-10
1.0624034985085018E-9
6.222080628504045E-10
5.045421858085865E-10
3.533386916387826E-10
5.288711690811695E-10
4.414232535054907E-9
1.4360921340994537E-9
1.2469172361306846E-9
1.9879280444002838E-9
1.0368239600211448E-9
1.4349552657222375E-9
4.304183676140449E-10
2.907199814217165E-9
4.0040504245553166E-10
8.280949259642512E-10
2.43562681135129E-9
2.451997715979841E-9
2.2118911147117615E-9
4.0868144424166795E-9
1.2405507732182741E-9
1.0504663805479968E-10
5.4560587159357965E-9
4.1059138311538845E-9
2.1805135475005988E-9
1.329681253992021E-9
9.60335455602035E-9
5.211404641158879E-9
9.731593308970332E-10
4.600224201567577E-9
4.617504600901158E-9
5.993570084683597E-10
1.4906618162058426E-9
1.7844286048784852E-9
6.875779945403337E-10
2.2355379769578576E-9
1.602347765583545E-8
4.18367562815547E-10
1.4879333321005106E-9
1.540684024803764E-9
4.07817424274981E-9
5.366018740460277E-9
8.809365681373006E-9
1.0686562745831907E-8
9.078576113124475E-9
5.456968210638099E-10
1.3831595424562693E-8
1.800799509510398E-9
1.76478351932019E-8
3.4633558243513107E-9
1.4959368854761124E-8
2.7721398510309903E-9
2.7219357434768617E-8
8.549250196665525E-9
5.842593964622972E-9
2.0336301531642675E-8
3.634340828284621E-8
6.210757419466972E-8
5.298352334648371E-8
8.723873179405931E-9
5.384208634495735E-9
5.2677933126688004E-8
3.173045115545392E-8
1.900480128824711E-8
1.2521923054009676E-8
3.147579263896428E-8
4.084722604602575E-8
2.994784153997898E-8
1.2174132280051708E-7
2.1362211562181432E-8
8.118513506599756E-8
1.4537363313138485E-8
3.0995579436421394E-9
3.4051481634378433E-9
9.15315467864275E-9
8.943607099354267E-8
9.769962616701378E-14
3.852473895449293E-13
1.4155343563970746E-14
4.2194026050879074E-13
5.99631455600047E-13
1.4571677198205182E-13
2.826072709183336E-13
7.011058400507864E-14
4.80337991604074E-13
7.225886555772831E-13
1.3221779227023944E-10
1.999142114073038E-7
1.346343196928501E-7
1.6709122974134516E-10
9.367795428261161E-11
1.0831513463926967E-10
7.717915195826208E-11
6.606626357097577E-11
1.2441603303159354E-10
1.4942713733034907E-10
1.862645149230957E-8
2.8347130864901995E-7
2.5442568585276604E-7
2.689776010950107E-7
4.7904904931783676E-8
5.291076377034729E-7
5.192705430094764E-7
2.525630407035351E-7
5.234032869894101E-7
5.76837919652462E-7
1.5634577721357346E-7
9.774230420589447E-7
5.651963874715032E-7
6.332993511826146E-7
2.1082814782857895E-7
3.26777808368206E-7
9.745126590132713E-7
1.1682277545332909E-6
5.094334483146667E-7
3.7159770727157593E-7
6.200280040502548E-7
1.502223315519302E-6
2.001877874135971E-6
1.2293457984924316E-6
1.708976924488792E-7
5.983747541904449E-7
1.2496020644903183E-6
3.068707892239786E-7
4.307366907596588E-8
4.0745362639427185E-7
2.0121224224567413E-6
4.167668521404266E-6
2.1085143089294434E-6
2.603046599602976E-6
7.149297744035721E-6
1.5450641512870789E-6
1.0011717677116394E-7
2.0079314708709717E-6
1.1622905731201172E-6
3.5064294934272766E-7
5.472451448440552E-6
1.2069940568126825E-6
1.2915581464767456E-5
4.679895965864489E-6
3.0761584639549255E-6
1.2141652405373016E-5
7.449649302770922E-6
1.2470409274101257E-6
6.239861249923706E-7
6.392598152604734E-6
1.7834827303886414E-5
2.462789417734257E-5
3.7439167499542236E-7
1.9278377294540405E-6
1.387670636177063E-6
9.682029486202115E-6
2.144649624824524E-5
1.1889263987541199E-5
1.8421560525894165E-6
2.9744580388069153E-5
1.1608004570007324E-5
7.189810276031494E-7
5.0339847803115845E-5
1.0930001735687256E-5
1.908838839881355E-5
1.6570091247558594E-5
1.2859702565037878E-5
1.0069459676742554E-5
9.752810001373291E-6
5.21540641784668E-7
5.691498517990112E-5
3.197789192199707E-5
2.0965933799743652E-5
7.949024529807502E-5
1.4930963516235352E-5
1.080334243397374E-6
5.166977643966675E-5
2.1792948246002197E-5
1.4156103134155273E-6
1.8686056144190388E-5
1.8388032913208008E-5
1.683831214904785E-5
6.51925802230835E-5
4.056096076965332E-5
2.330690622613929E-4
1.615583896636963E-4
9.465217590332031E-5
1.5954673290252686E-4
7.21365213394165E-5
1.3299286365509033E-4
1.7141843500212417E-13
1.0458300891968975E-12
6.129541318955489E-13
3.494982081519993E-13
1.4374057499821902E-12
4.1866510258614653E-13
1.6781021017209241E-12
1.7944534747016405E-12
5.373479439185762E-13
1.368904989362818E-12
4.139244556427002E-4
3.120601177215576E-4
1.6054511070251465E-4
1.9827487994916737E-4
2.2083520889282227E-5
1.7344951629638672E-5
2.084672451019287E-4
1.3077259063720703E-4
1.768469956004992E-4
1.3574957847595215E-4
1.0091066360473633E-4
1.801848416107532E-4
2.982020378112793E-4
2.72929668881261E-4
6.41942024230957E-4
0.001171887037344277
5.443692207336426E-4
1.4293193817138672E-4
3.008842468261719E-4
4.1115283966064453E-4
0.002142429817467928
2.849103657354135E-5
4.094843752682209E-4
0.001071333885192871
1.5044212341308594E-4
2.6798248291015625E-4
3.9958953857421875E-4
5.476474907482043E-4
7.022619247436523E-4
0.0011008977890014648
5.173683166503906E-5
0.0017032623291015625
0.003108978271484375
0.002022506669163704
1.6951560974121094E-4
9.19342041015625E-4
1.571178436279297E-4
0.0016875267028808594
6.544589996337891E-4
5.085468292236328E-4
1.4734314754605293E-4
0.005146980285644531
0.004139900207519531
6.170272827148438E-4
1.406670198775828E-4
0.004769325256347656
0.0022683218121528625
0.006363868713378906
9.918212890625E-5
0.0025358200073242188
8.478164672851562E-4
0.008800506591796875
0.001018524169921875
0.0017948150634765625
0.006529808044433594
4.4918060302734375E-4
0.009989738464355469
8.306503295898438E-4
3.31878662109375E-4
0.0058155059814453125
0.016695037484169006
0.0012855534441769123
0.016574867069721222
0.014209747314453125
0.0094146728515625
0.008249282836914062
0.016124725341796875
0.0022735595703125
0.007293701171875
0.01792144775390625
0.017162322998046875
0.022235870361328125
8.277911692857742E-4
0.007762908935546875
0.00400543212890625
0.026203155517578125
6.485134363174438E-4
0.0215301513671875
0.003887653350830078
0.017425537109375
0.03924560546875
0.072265625
0.008010865189135075
0.0915069580078125
0.02608489990234375
0.003646858036518097
0.002136237919330597
0.01728057861328125
0.03492021560668945
0.06989294290542603
0.1091766357421875
0.1163330078125
0.01494598388671875
0.1124420166015625
0.1231079138815403
0.09740066528320312
0.02790069580078125
0.1066741943359375
0.0116119384765625
0.0038604736328125
9.903189379656404E-13
1.0678125050844756E-12
3.027578188152802E-12
1.4801493364302587E-12
1.1188827642172328E-12
4.833911049217932E-13
1.538769112130467E-12
1.0276224315930449E-12
1.2523315717771766E-13
5.95967719618784E-13
0.15472412295639515
0.134368896484375
0.178619384765625
0.275390625
0.10614013671875
0.007446408271789551
0.1102294921875
0.313507080078125
0.15179443359375
0.14874267578125
0.43829345703125
0.8603515625
0.39141845703125
0.42156982421875
0.2695465087890625
0.147216796875
0.689697265625
0.37567138671875
0.64794921875
0.7152099609375
0.04913330078125
1.0986328125
0.7496356964111328
0.67236328125
0.5362548828125
1.3753662109375
0.65966796875
0.5283203125
0.1298828125
0.0281982421875
0.708984375
3.81494140625
1.076904296875
1.141357421875
0.0751953125
0.0595703125
0.183349609375
3.875244140625
1.80712890625
1.044921875
0.4130859375
2.8857421875
0.3427734375
0.20751953125
2.36572265625
1.04443359375
3.52783203125
3.168975830078125
3.509765625
0.27587890625
5.88671875
4.5615234375
6.513671875
6.650390625
1.263671875
9.197265625
4.53125
10.3134765625
2.515625
1.8115234375
17.4140625
8.390625
9.29296875
2.423828125
8.716796875
3.0
2.36328125
1.77734375
12.66015625
0.27349853515625
27.4658203125
57.89453125
21.84765625
24.390625
10.8984375
3.10546875
24.88671875
5.484375
22.8203125
25.123046875
83.7109375
25.59375
40.1875
115.90625
21.859619140625
61.8203125
7.009765625
87.0712890625
2.328125
39.9921875
143.5
2.78125
99.28125
232.578125
100.953125
156.203125
82.75
195.828125
100.0703125
89.6875
3.9968028886505635E-12
3.5904612616377563E-12
2.2426505097428203E-13
6.247891093380531E-12
6.607159264149232E-12
2.235545082385216E-12
3.2436275887448573E-12
4.075406678794025E-12
5.579092743346337E-12
3.984368390774762E-12
5.5
24.4453125
25.125
145.875
5.5
295.21875
149.96875
6.46875
150.90625
296.9375
1386.21875
543.875
80.0
683.6875
897.8125
302.75
535.4375
668.1875
363.0625
248.5
6.989075984620298E-12
3.860911590436444E-12
4.218847493575595E-12
4.1451286847404845E-12
1.0018652574217477E-12
4.0820680169417756E-12
4.811262499515578E-12
9.78772618509538E-13
3.836930773104541E-12
7.489120434911456E-12
4.53859172466764E-12
8.400391493523888E-12
1.8257395595355826E-11
1.760014356477768E-11
1.3319123581823078E-11
8.121503469737997E-12
1.3358203432289883E-12
2.8048674494129955E-12
1.5917933637865644E-11
9.197975714414549E-12
1.6481038755955524E-11
4.234834705130197E-12
2.2104984509496924E-11
9.137579581874888E-12
8.277822871605167E-13
3.4358293987679644E-11
2.206235194535111E-12
2.5153212845907563E-12
1.949729266925715E-11
7.212008767965043E-12
1.2164491636213329E-11
4.021671884402167E-11
8.43201064526544E-11
6.045297595846932E-11
7.048583938740194E-12
5.3084647788637085E-11
5.043432338425274E-11
1.1780798558902461E-11
3.552713678800501E-12
3.647215862656594E-11
6.868106083857128E-11
1.574989028085838E-10
4.0245140553452075E-11
2.5364954581164056E-10
1.6166268324013802E-10
1.378452907374677E-11
1.5756995708215982E-10
9.875122941593872E-11
1.0237499736831523E-10
1.283098072235593E-10
2.219335826225688E-13
1.3783418850721318E-13
1.1898815266420118E-13
1.2367884494324244E-13
3.4017233474514796E-13
2.6201263381153694E-13
1.5815126985785355E-13
4.876654635666E-13
3.386180225106729E-14
1.5101808692463694E-13
1.4637180356658064E-11
1.9812773643934634E-10
3.8764369492128026E-10
1.8886225916503463E-10
1.2514078662206884E-10
7.821654435247183E-11
1.297735252592247E-10
1.3812950783176451E-11
3.998934516857844E-11
1.4875922715873457E-10
4.0540726331528276E-10
5.272227099339943E-10
1.2641976354643708E-10
4.6497916628140956E-11
5.152287485544697E-10
3.085460775764659E-10
2.446540747769177E-10
4.123990038351754E-10
7.37827576813288E-11
6.29768237558892E-10
2.526121534174308E-10
2.6216184778604656E-10
7.695462045376189E-10
3.0729552236152813E-10
8.353708835784346E-10
1.0624034985085018E-9
6.222080628504045E-10
5.045421858085865E-10
3.533386916387826E-10
5.288711690811695E-10
4.414232535054907E-9
1.4360921340994537E-9
1.2469172361306846E-9
1.9879280444002838E-9
1.0368239600211448E-9
1.4349552657222375E-9
4.304183676140449E-10
2.907199814217165E-9
4.0040504245553166E-10
8.280949259642512E-10
2.43562681135129E-9
2.451997715979841E-9
2.2118911147117615E-9
4.0868144424166795E-9
1.2405507732182741E-9
1.0504663805479968E-10
5.4560587159357965E-9
4.1059138311538845E-9
2.1805135475005988E-9
1.329681253992021E-9
9.60335455602035E-9
5.211404641158879E-9
9.731593308970332E-10
4.600224201567577E-9
4.617504600901158E-9
5.993570084683597E-10
1.4906618162058426E-9
1.7844286048784852E-9
6.875779945403337E-10
2.2355379769578576E-9
1.602347765583545E-8
4.18367562815547E-10
1.4879333321005106E-9
1.540684024803764E-9
4.07817424274981E-9
5.366018740460277E-9
8.809365681373006E-9
1.0686562745831907E-8
9.078576113124475E-9
5.456968210638099E-10
1.3831595424562693E-8
1.800799509510398E-9
1.76478351932019E-8
3.4633558243513107E-9
1.4959368854761124E-8
2.7721398510309903E-9
2.7219357434768617E-8
8.549250196665525E-9
5.842593964622972E-9
2.0336301531642675E-8
3.634340828284621E-8
6.210757419466972E-8
5.298352334648371E-8
8.723873179405931E-9
5.384208634495735E-9
5.2677933126688004E-8
3.173045115545392E-8
1.900480128824711E-8
1.2521923054009676E-8
3.147579263896428E-8
4.084722604602575E-8
2.994784153997898E-8
1.2174132280051708E-7
2.1362211562181432E-8
8.118513506599756E-8
1.4537363313138485E-8
3.0995579436421394E-9
3.4051481634378433E-9
9.15315467864275E-9
8.943607099354267E-8
9.769962616701378E-14
3.852473895449293E-13
1.4155343563970746E-14
4.2194026050879074E-13
5.99631455600047E-13
1.4571677198205182E-13
2.826072709183336E-13
7.011058400507864E-14
4.80337991604074E-13
7.225886555772831E-13
1.3221779227023944E-10
1.999142114073038E-7
1.346343196928501E-7
1.6709122974134516E-10
9.367795428261161E-11
1.0831513463926967E-10
7.717915195826208E-11
6.606626357097577E-11
1.2441603303159354E-10
1.4942713733034907E-10
1.862645149230957E-8
2.8347130864901995E-7
2.5442568585276604E-7
2.689776010950107E-7
4.7904904931783676E-8
5.291076377034729E-7
5.192705430094764E-7
2.525630407035351E-7
5.234032869894101E-7
5.76837919652462E-7
1.5634577721357346E-7
9.774230420589447E-7
5.651963874715032E-7
6.332993511826146E-7
2.1082814782857895E-7
3.26777808368206E-7
9.745126590132713E-7
1.1682277545332909E-6
5.094334483146667E-7
3.7159770727157593E-7
6.200280040502548E-7
1.502223315519302E-6
2.001877874135971E-6
1.2293457984924316E-6
1.708976924488792E-7
5.983747541904449E-7
1.2496020644903183E-6
3.068707892239786E-7
4.307366907596588E-8
4.0745362639427185E-7
2.0121224224567413E-6
4.167668521404266E-6
2.1085143089294434E-6
2.603046599602976E-6
7.149297744035721E-6
1.5450641512870789E-6
1.0011717677116394E-7
2.0079314708709717E-6
1.1622905731201172E-6
3.5064294934272766E-7
5.472451448440552E-6
1.2069940568126825E-6
1.2915581464767456E-5
4.679895965864489E-6
3.0761584639549255E-6
1.2141652405373016E-5
7.449649302770922E-6
1.2470409274101257E-6
6.239861249923706E-7
6.392598152604734E-6
1.7834827303886414E-5
2.462789417734257E-5
3.7439167499542236E-7
1.9278377294540405E-6
1.387670636177063E-6
9.682029486202115E-6
2.144649624824524E-5
1.1889263987541199E-5
1.8421560525894165E-6
2.9744580388069153E-5
1.1608004570007324E-5
7.189810276031494E-7
5.0339847803115845E-5
1.0930001735687256E-5
1.908838839881355E-5
1.6570091247558594E-5
1.2859702565037878E-5
1.0069459676742554E-5
9.752810001373291E-6
5.21540641784668E-7
5.691498517990112E-5
3.197789192199707E-5
2.0965933799743652E-5
7.949024529807502E-5
1.4930963516235352E-5
1.080334243397374E-6
5.166977643966675E-5
2.1792948246002197E-5
1.4156103134155273E-6
1.8686056144190388E-5
1.8388032913208008E-5
1.683831214904785E-5
6.51925802230835E-5
4.056096076965332E-5
2.330690622613929E-4
1.615583896636963E-4
9.465217590332031E-5
1.5954673290252686E-4
7.21365213394165E-5
1.3299286365509033E-4
1.7141843500212417E-13
1.0458300891968975E-12
6.129541318955489E-13
3.494982081519993E-13
1.4374057499821902E-12
4.1866510258614653E-13
1.6781021017209241E-12
1.7944534747016405E-12
5.373479439185762E-13
1.368904989362818E-12
4.139244556427002E-4
3.120601177215576E-4
1.6054511070251465E-4
1.9827487994916737E-4
2.2083520889282227E-5
1.7344951629638672E-5
2.084672451019287E-4
1.3077259063720703E-4
1.768469956004992E-4
1.3574957847595215E-4
1.0091066360473633E-4
1.801848416107532E-4
2.982020378112793E-4
2.72929668881261E-4
6.41942024230957E-4
0.001171887037344277
5.443692207336426E-4
1.4293193817138672E-4
3.008842468261719E-4
4.1115283966064453E-4
0.002142429817467928
2.849103657354135E-5
4.094843752682209E-4
0.001071333885192871
1.5044212341308594E-4
2.6798248291015625E-4
3.9958953857421875E-4
5.476474907482043E-4
7.022619247436523E-4
0.0011008977890014648
5.173683166503906E-5
0.0017032623291015625
0.003108978271484375
0.002022506669163704
1.6951560974121094E-4
9.19342041015625E-4
1.571178436279297E-4
0.0016875267028808594
6.544589996337891E-4
5.085468292236328E-4
1.4734314754605293E-4
0.005146980285644531
0.004139900207519531
6.170272827148438E-4
1.406670198775828E-4
0.004769325256347656
0.0022683218121528625
0.006363868713378906
9.918212890625E-5
0.0025358200073242188
8.478164672851562E-4
0.008800506591796875
0.001018524169921875
0.0017948150634765625
0.006529808044433594
4.4918060302734375E-4
0.009989738464355469
8.306503295898438E-4
3.31878662109375E-4
0.0058155059814453125
0.016695037484169006
0.0012855534441769123
0.016574867069721222
0.014209747314453125
0.0094146728515625
0.008249282836914062
0.016124725341796875
0.0022735595703125
0.007293701171875
0.01792144775390625
0.017162322998046875
0.022235870361328125
8.277911692857742E-4
0.007762908935546875
0.00400543212890625
0.026203155517578125
6.485134363174438E-4
0.0215301513671875
0.003887653350830078
0.017425537109375
0.03924560546875
0.072265625
0.008010865189135075
0.0915069580078125
0.02608489990234375
0.003646858036518097
0.002136237919330597
0.01728057861328125
0.03492021560668945
0.06989294290542603
0.1091766357421875
0.1163330078125
0.01494598388671875
0.1124420166015625
0.1231079138815403
0.09740066528320312
0.02790069580078125
0.1066741943359375
0.0116119384765625
0.0038604736328125
9.903189379656404E-13
1.0678125050844756E-12
3.027578188152802E-12
1.4801493364302587E-12
1.1188827642172328E-12
4.833911049217932E-13
1.538769112130467E-12
1.0276224315930449E-12
1.2523315717771766E-13
5.95967719618784E-13
0.15472412295639515
0.134368896484375
0.178619384765625
0.275390625
0.10614013671875
0.007446408271789551
0.1102294921875
0.313507080078125
0.15179443359375
0.14874267578125
0.43829345703125
0.8603515625
0.39141845703125
0.42156982421875
0.2695465087890625
0.147216796875
0.689697265625
0.37567138671875
0.64794921875
0.7152099609375
0.04913330078125
1.0986328125
0.7496356964111328
0.67236328125
0.5362548828125
1.3753662109375
0.65966796875
0.5283203125
0.1298828125
0.0281982421875
0.708984375
3.81494140625
1.076904296875
1.141357421875
0.0751953125
0.0595703125
0.183349609375
3.875244140625
1.80712890625
1.044921875
0.4130859375
2.8857421875
0.3427734375
0.20751953125
2.36572265625
1.04443359375
3.52783203125
3.168975830078125
3.509765625
0.27587890625
5.88671875
4.5615234375
6.513671875
6.650390625
1.263671875
9.197265625
4.53125
10.3134765625
2.515625
1.8115234375
17.4140625
8.390625
9.29296875
2.423828125
8.716796875
3.0
2.36328125
1.77734375
12.66015625
0.27349853515625
27.4658203125
57.89453125
21.84765625
24.390625
10.8984375
3.10546875
24.88671875
5.484375
22.8203125
25.123046875
83.7109375
25.59375
40.1875
115.90625
21.859619140625
61.8203125
7.009765625
87.0712890625
2.328125
39.9921875
143.5
2.78125
99.28125
232.578125
100.953125
156.203125
82.75
195.828125
100.0703125
89.6875
3.9968028886505635E-12
3.5904612616377563E-12
2.2426505097428203E-13
6.247891093380531E-12
6.607159264149232E-12
2.235545082385216E-12
3.2436275887448573E-12
4.075406678794025E-12
5.579092743346337E-12
3.984368390774762E-12
5.5
24.4453125
25.125
145.875
5.5
295.21875
149.96875
6.46875
150.90625
296.9375
1386.21875
543.875
80.0
683.6875
897.8125
302.75
535.4375
668.1875
363.0625
248.5
6.989075984620298E-12
3.860911590436444E-12
4.218847493575595E-12
4.1451286847404845E-12
1.0018652574217477E-12
4.0820680169417756E-12
4.811262499515578E-12
9.78772618509538E-13
3.836930773104541E-12
7.489120434911456E-12
4.53859172466764E-12
8.400391493523888E-12
1.8257395595355826E-11
1.760014356477768E-11
1.3319123581823078E-11
8.121503469737997E-12
1.3358203432289883E-12
2.8048674494129955E-12
1.5917933637865644E-11
9.197975714414549E-12
1.6481038755955524E-11
4.234834705130197E-12
2.2104984509496924E-11
9.137579581874888E-12
8.277822871605167E-13
3.4358293987679644E-11
2.206235194535111E-12
2.5153212845907563E-12
1.949729266925715E-11
7.212008767965043E-12
1.2164491636213329E-11
4.021671884402167E-11
8.43201064526544E-11
6.045297595846932E-11
7.048583938740194E-12
5.3084647788637085E-11
5.043432338425274E-11
1.1780798558902461E-11
3.552713678800501E-12
3.647215862656594E-11
6.868106083857128E-11
1.574989028085838E-10
4.0245140553452075E-11
2.5364954581164056E-10
1.6166268324013802E-10
1.378452907374677E-11
1.5756995708215982E-10
9.875122941593872E-11
1.0237499736831523E-10
1.283098072235593E-10
2.219335826225688E-13
1.3783418850721318E-13
1.1898815266420118E-13
1.2367884494324244E-13
3.4017233474514796E-13
2.6201263381153694E-13
1.5815126985785355E-13
4.876654635666E-13
3.386180225106729E-14
1.5101808692463694E-13
1.4637180356658064E-11
1.9812773643934634E-10
3.8764369492128026E-10
1.8886225916503463E-10
1.2514078662206884E-10
7.821654435247183E-11
1.297735252592247E-10
1.3812950783176451E-11
3.998934516857844E-11
1.4875922715873457E-10
4.0540726331528276E-10
5.272227099339943E-10
1.2641976354643708E-10
4.6497916628140956E-11
5.152287485544697E-10
3.085460775764659E-10
2.446540747769177E-10
4.123990038351754E-10
7.37827576813288E-11
6.29768237558892E-10
2.526121534174308E-10
2.6216184778604656E-10
7.695462045376189E-10
3.0729552236152813E-10
8.353708835784346E-10
1.0624034985085018E-9
6.222080628504045E-10
5.045421858085865E-10
3.533386916387826E-10
5.288711690811695E-10
4.414232535054907E-9
1.4360921340994537E-9
1.2469172361306846E-9
1.9879280444002838E-9
1.0368239600211448E-9
1.4349552657222375E-9
4.304183676140449E-10
2.907199814217165E-9
4.0040504245553166E-10
8.280949259642512E-10
2.43562681135129E-9
2.451997715979841E-9
2.2118911147117615E-9
4.0868144424166795E-9
1.2405507732182741E-9
1.0504663805479968E-10
5.4560587159357965E-9
4.1059138311538845E-9
2.1805135475005988E-9
1.329681253992021E-9
9.60335455602035E-9
5.211404641158879E-9
9.731593308970332E-10
4.600224201567577E-9
4.617504600901158E-9
5.993570084683597E-10
1.4906618162058426E-9
1.7844286048784852E-9
6.875779945403337E-10
2.2355379769578576E-9
1.602347765583545E-8
4.18367562815547E-10
1.4879333321005106E-9
1.540684024803764E-9
4.07817424274981E-9
5.366018740460277E-9
8.809365681373006E-9
1.0686562745831907E-8
9.078576113124475E-9
5.456968210638099E-10
1.3831595424562693E-8
1.800799509510398E-9
1.76478351932019E-8
3.4633558243513107E-9
1.4959368854761124E-8
2.7721398510309903E-9
2.7219357434768617E-8
8.549250196665525E-9
5.842593964622972E-9
2.0336301531642675E-8
3.634340828284621E-8
6.210757419466972E-8
5.298352334648371E-8
8.723873179405931E-9
5.384208634495735E-9
5.2677933126688004E-8
3.173045115545392E-8
1.900480128824711E-8
1.2521923054009676E-8
3.147579263896428E-8
4.084722604602575E-8
2.994784153997898E-8
1.2174132280051708E-7
2.1362211562181432E-8
8.118513506599756E-8
1.4537363313138485E-8
3.0995579436421394E-9
3.4051481634378433E-9
9.15315467864275E-9
8.943607099354267E-8
9.769962616701378E-14
3.852473895449293E-13
1.4155343563970746E-14
4.2194026050879074E-13
5.99631455600047E-13
1.4571677198205182E-13
2.826072709183336E-13
7.011058400507864E-14
4.80337991604074E-13
7.225886555772831E-13
1.3221779227023944E-10
1.999142114073038E-7
1.346343196928501E-7
1.6709122974134516E-10
9.367795428261161E-11
1.0831513463926967E-10
7.717915195826208E-11
6.606626357097577E-11
1.2441603303159354E-10
1.4942713733034907E-10
1.862645149230957E-8
2.8347130864901995E-7
2.5442568585276604E-7
2.689776010950107E-7
4.7904904931783676E-8
5.291076377034729E-7
5.192705430094764E-7
2.525630407035351E-7
5.234032869894101E-7
5.76837919652462E-7
1.5634577721357346E-7
9.774230420589447E-7
5.651963874715032E-7
6.332993511826146E-7
2.1082814782857895E-7
3.26777808368206E-7
9.745126590132713E-7
1.1682277545332909E-6
5.094334483146667E-7
3.7159770727157593E-7
6.200280040502548E-7
1.502223315519302E-6
2.001877874135971E-6
1.2293457984924316E-6
1.708976924488792E-7
5.983747541904449E-7
1.2496020644903183E-6
3.068707892239786E-7
4.307366907596588E-8
4.0745362639427185E-7
2.0121224224567413E-6
4.167668521404266E-6
2.1085143089294434E-6
2.603046599602976E-6
7.149297744035721E-6
1.5450641512870789E-6
1.0011717677116394E-7
2.0079314708709717E-6
1.1622905731201172E-6
3.5064294934272766E-7
5.472451448440552E-6
1.2069940568126825E-6
1.2915581464767456E-5
4.679895965864489E-6
3.0761584639549255E-6
1.2141652405373016E-5
7.449649302770922E-6
1.2470409274101257E-6
6.239861249923706E-7
6.392598152604734E-6
1.7834827303886414E-5
2.462789417734257E-5
3.7439167499542236E-7
1.9278377294540405E-6
1.387670636177063E-6
9.682029486202115E-6
2.144649624824524E-5
1.1889263987541199E-5
1.8421560525894165E-6
2.9744580388069153E-5
1.1608004570007324E-5
7.189810276031494E-7
5.0339847803115845E-5
1.0930001735687256E-5
1.908838839881355E-5
1.6570091247558594E-5
1.2859702565037878E-5
1.0069459676742554E-5
9.752810001373291E-6
5.21540641784668E-7
5.691498517990112E-5
3.197789192199707E-5
2.0965933799743652E-5
7.949024529807502E-5
1.4930963516235352E-5
1.080334243397374E-6
5.166977643966675E-5
2.1792948246002197E-5
1.4156103134155273E-6
1.8686056144190388E-5
1.8388032913208008E-5
1.683831214904785E-5
6.51925802230835E-5
4.056096076965332E-5
2.330690622613929E-4
1.615583896636963E-4
9.465217590332031E-5
1.5954673290252686E-4
7.21365213394165E-5
1.3299286365509033E-4
1.7141843500212417E-13
1.0458300891968975E-12
6.129541318955489E-13
3.494982081519993E-13
1.4374057499821902E-12
4.1866510258614653E-13
1.6781021017209241E-12
1.7944534747016405E-12
5.373479439185762E-13
1.368904989362818E-12
4.139244556427002E-4
3.120601177215576E-4
1.6054511070251465E-4
1.9827487994916737E-4
2.2083520889282227E-5
1.7344951629638672E-5
2.084672451019287E-4
1.3077259063720703E-4
1.768469956004992E-4
1.3574957847595215E-4
1.0091066360473633E-4
1.801848416107532E-4
2.982020378112793E-4
2.72929668881261E-4
6.41942024230957E-4
0.001171887037344277
5.443692207336426E-4
1.4293193817138672E-4
3.008842468261719E-4
4.1115283966064453E-4
0.002142429817467928
2.849103657354135E-5
4.094843752682209E-4
0.001071333885192871
1.5044212341308594E-4
2.6798248291015625E-4
3.9958953857421875E-4
5.476474907482043E-4
7.022619247436523E-4
0.0011008977890014648
5.173683166503906E-5
0.0017032623291015625
0.003108978271484375
0.002022506669163704
1.6951560974121094E-4
9.19342041015625E-4
1.571178436279297E-4
0.0016875267028808594
6.544589996337891E-4
5.085468292236328E-4
1.4734314754605293E-4
0.005146980285644531
0.004139900207519531
6.170272827148438E-4
1.406670198775828E-4
0.004769325256347656
0.0022683218121528625
0.006363868713378906
9.918212890625E-5
0.0025358200073242188
8.478164672851562E-4
0.008800506591796875
0.001018524169921875
0.0017948150634765625
0.006529808044433594
4.4918060302734375E-4
0.009989738464355469
8.306503295898438E-4
3.31878662109375E-4
0.0058155059814453125
0.016695037484169006
0.0012855534441769123
0.016574867069721222
0.014209747314453125
0.0094146728515625
0.008249282836914062
0.016124725341796875
0.0022735595703125
0.007293701171875
0.01792144775390625
0.017162322998046875
0.022235870361328125
8.277911692857742E-4
0.007762908935546875
0.00400543212890625
0.026203155517578125
6.485134363174438E-4
0.0215301513671875
0.003887653350830078
0.017425537109375
0.03924560546875
0.072265625
0.008010865189135075
0.0915069580078125
0.02608489990234375
0.003646858036518097
0.002136237919330597
0.01728057861328125
0.03492021560668945
0.06989294290542603
0.1091766357421875
0.1163330078125
0.01494598388671875
0.1124420166015625
0.1231079138815403
0.09740066528320312
0.02790069580078125
0.1066741943359375
0.0116119384765625
0.0038604736328125
9.903189379656404E-13
1.0678125050844756E-12
3.027578188152802E-12
1.4801493364302587E-12
1.1188827642172328E-12
4.833911049217932E-13
1.538769112130467E-12
1.0276224315930449E-12
1.2523315717771766E-13
5.95967719618784E-13
0.15472412295639515
0.134368896484375
0.178619384765625
0.275390625
0.10614013671875
0.007446408271789551
0.1102294921875
0.313507080078125
0.15179443359375
0.14874267578125
0.43829345703125
0.8603515625
0.39141845703125
0.42156982421875
0.2695465087890625
0.147216796875
0.689697265625
0.37567138671875
0.64794921875
0.7152099609375
0.04913330078125
1.0986328125
0.7496356964111328
0.67236328125
0.5362548828125
1.3753662109375
0.65966796875
0.5283203125
0.1298828125
0.0281982421875
0.708984375
3.81494140625
1.076904296875
1.141357421875
0.0751953125
0.0595703125
0.183349609375
3.875244140625
1.80712890625
1.044921875
0.4130859375
2.8857421875
0.3427734375
0.20751953125
2.36572265625
1.04443359375
3.52783203125
3.168975830078125
3.509765625
0.27587890625
5.88671875
4.5615234375
6.513671875
6.650390625
1.263671875
9.197265625
4.53125
10.3134765625
2.515625
1.8115234375
17.4140625
8.390625
9.29296875
2.423828125
8.716796875
3.0
2.36328125
1.77734375
12.66015625
0.27349853515625
27.4658203125
57.89453125
21.84765625
24.390625
10.8984375
3.10546875
24.88671875
5.484375
22.8203125
25.123046875
83.7109375
25.59375
40.1875
115.90625
21.859619140625
61.8203125
7.009765625
87.0712890625
2.328125
39.9921875
143.5
2.78125
99.28125
232.578125
100.953125
156.203125
82.75
195.828125
100.0703125
89.6875
3.9968028886505635E-12
3.5904612616377563E-12
2.2426505097428203E-13
6.247891093380531E-12
6.607159264149232E-12
2.235545082385216E-12
3.2436275887448573E-12
4.075406678794025E-12
5.579092743346337E-12
3.984368390774762E-12
5.5
24.4453125
25.125
145.875
5.5
295.21875
149.96875
6.46875
150.90625
296.9375
1386.21875
543.875
80.0
683.6875
897.8125
302.75
535.4375
668.1875
363.0625
248.5
6.989075984620298E-12
3.860911590436444E-12
4.218847493575595E-12
4.1451286847404845E-12
1.0018652574217477E-12
4.0820680169417756E-12
4.811262499515578E-12
9.78772618509538E-13
3.836930773104541E-12
7.489120434911456E-12
4.53859172466764E-12
8.400391493523888E-12
1.8257395595355826E-11
1.760014356477768E-11
1.3319123581823078E-11
8.121503469737997E-12
1.3358203432289883E-12
2.8048674494129955E-12
1.5917933637865644E-11
9.197975714414549E-12
1.6481038755955524E-11
4.234834705130197E-12
2.2104984509496924E-11
9.137579581874888E-12
8.277822871605167E-13
3.4358293987679644E-11
2.206235194535111E-12
2.5153212845907563E-12
1.949729266925715E-11
7.212008767965043E-12
1.2164491636213329E-11
4.021671884402167E-11
8.43201064526544E-11
6.045297595846932E-11
7.048583938740194E-12
5.3084647788637085E-11
5.043432338425274E-11
1.1780798558902461E-11
3.552713678800501E-12
3.647215862656594E-11
6.868106083857128E-11
1.574989028085838E-10
4.0245140553452075E-11
2.5364954581164056E-10
1.6166268324013802E-10
1.378452907374677E-11
1.5756995708215982E-10
9.875122941593872E-11
1.0237499736831523E-10
1.283098072235593E-10
