1.928457393773897E-13
2.6270652320192767E-13
2.3675506000131463E-14
1.373900992973635E-14
1.8512968935624485E-13
5.2013948703688584E-14
1.6189827256596345E-13
1.5967782651671314E-13
1.6026069360464135E-13
4.979350265443827E-14
2.7753799258789513E-10
2.992806003021542E-11
1.4142642612569034E-10
2.7227997634329686E-10
2.913225216616411E-10
8.554934538551606E-11
3.6169467421134787E-10
6.934897101018578E-12
2.1657342585967854E-11
2.8276758712308947E-10
1.426201379217673E-10
2.921751729445536E-10
2.665956344571896E-10
2.1475443645613268E-10
1.864464138634503E-10
4.261551111994777E-10
4.912976692139637E-10
4.0824943425832316E-10
3.539071258273907E-10
5.509832590178121E-10
1.3095586837157186E-9
1.688249540165998E-10
1.7496404325399059E-10
4.993125912735494E-10
2.220303940703161E-9
9.799805411603302E-11
1.7518004824523816E-9
7.416929292962465E-10
1.326725396211259E-10
1.5438672562595457E-10
2.3669599613640524E-9
1.134594640461728E-10
1.5365912986453623E-9
1.1314114090055227E-9
1.2262262316653505E-9
1.6925696399994195E-9
5.62522473046662E-10
6.01630745222792E-10
1.4572378859156743E-9
3.862623998429626E-9
6.502887117676437E-11
2.3264874471351504E-9
1.961325324380096E-9
4.81122697237879E-9
1.2050804798512475E-10
6.698428478557616E-10
3.8198777474462986E-10
1.2050804798660706E-10
2.2919266484677792E-10
4.427874955581501E-9
1.2214513844810426E-9
2.2910171537660062E-9
1.3869794202037156E-9
4.532921593636274E-9
1.2259988579899073E-9
5.256879376247525E-9
1.6552803572267294E-10
2.546585164965258E-10
2.4738255888234236E-10
1.053194864653051E-9
9.309587767347693E-9
1.6767444321885705E-8
1.5757905203026175E-8
2.370143192820251E-9
1.5459590940736234E-8
4.0381564758718014E-10
9.255018085268423E-9
2.15550244320184E-9
6.475602276623249E-10
9.187715477310121E-9
1.7353158911995875E-9
1.9572325982153416E-8
3.062450559809804E-8
1.673470251262188E-9
4.5984052121978065E-9
8.913048077374697E-10
3.714376362040639E-9
6.359186954796314E-9
2.3053871700540185E-8
3.9217411540448666E-9
6.668415153442478E-8
3.812601789832115E-9
1.3482349459081888E-8
5.0516973715275526E-8
3.950117388740182E-8
3.425520844757557E-8
2.0954757928855043E-8
8.15052771949501E-8
8.109782356768847E-8
2.2249878384172916E-8
4.336470738053322E-9
1.7201818991452456E-7
1.2169766705483198E-7
4.496541805592462E-9
5.1368260760471796E-9
1.539592631161213E-7
8.61764419893545E-8
7.057678885757923E-9
1.2721284292638302E-7
6.338814273479311E-8
1.688649220454863E-13
9.9253938401489E-14
2.1316282072803006E-13
2.8371749394295875E-13
5.517808432387028E-13
3.1585845050585704E-13
2.753353101070388E-13
3.942401960443931E-13
8.426592756904938E-14
5.445643935786393E-14
1.5526893551442988E-7
2.0040897652506828E-7
3.1513627618551254E-7
8.597271517266081E-8
1.5125260688364506E-7
3.725290298461914E-9
3.2092793844640255E-7
2.421438694000244E-8
2.688320819288492E-7
6.481423042714596E-8
6.147893145680428E-7
3.6938581615686417E-7
1.4674151316285133E-7
3.2689422369003296E-7
2.6338966563344E-7
5.029723979537055E-7
7.368507795035839E-7
1.6356352722235457E-7
6.559421308338642E-7
1.673470251262188E-7
3.2351817935705185E-7
7.727649062871933E-7
5.277106538414955E-7
1.5291152521967888E-6
8.194474503397942E-7
1.3152603060007095E-6
7.904600352048874E-8
1.1551892384886742E-6
8.078059181709785E-7
6.041955205593474E-8
5.352776506484247E-7
2.565793693079521E-6
1.376960426568985E-6
2.149725333078223E-6
6.123445928096771E-8
1.587904991939837E-7
2.3515895009040833E-7
6.086193025112152E-7
9.902287274599075E-7
1.6635749489068985E-6
4.2654573917388916E-7
3.4226104617118835E-7
3.925524652004242E-7
4.159286625338154E-6
1.0249204933643341E-6
1.1119991540908813E-6
5.338340997695923E-6
5.0836242735385895E-6
8.190982043743134E-7
4.355795681476593E-6
6.651505835009175E-6
9.989365935325623E-6
1.2638047337532043E-6
9.359791874885559E-7
2.2230669856071472E-6
3.0742958189305947E-6
2.8219074010849E-7
4.927627770712206E-6
5.804002285003662E-6
1.282431185245514E-6
1.0808929829853042E-5
8.458271622657776E-6
3.077089786529541E-6
1.6178935766220093E-5
1.4139339327812195E-5
2.3847445902447362E-5
1.6577541828599607E-5
1.080334186553955E-6
1.6354024978681991E-6
9.220093488693237E-7
3.900378942489624E-6
2.841651439666748E-5
1.7251819372177124E-5
3.3836811780929565E-5
8.545816399418982E-6
9.506941296422156E-6
8.687377885507885E-6
1.8253922462463379E-6
5.6438148021698E-6
2.3994594812615233E-5
3.8020312786102295E-5
3.183633089065552E-5
8.150935173034668E-5
5.1513314303974767E-5
7.768720388412476E-5
8.275359869003296E-5
5.106627941131592E-5
6.473064422607422E-5
3.409385703889711E-5
9.417533874511719E-6
6.780028343200684E-6
1.0401010541727373E-5
7.005035877227783E-5
6.814301016788704E-5
4.902482032775879E-6
9.28342342376709E-5
9.44286621233914E-5
1.4722347287943194E-5
5.397200584411621E-5
6.49392641491886E-5
5.211404641158879E-10
5.685452109105431E-13
2.091837814078798E-10
3.956301952712238E-10
2.255546860396862E-9
7.10315362084657E-10
4.07817424274981E-9
4.489265847951174E-9
1.16442606667988E-8
6.5065250964836345E-9
3.361999988555908E-4
2.8342008590698242E-5
1.2916326534195832E-4
6.595255399588495E-5
3.7670135498046875E-5
2.532005310058594E-4
1.8036365509033203E-4
5.307793617248535E-5
1.60396099204263E-4
2.7054548263549805E-4
5.07056713104248E-4
5.546212196350098E-4
7.94827938079834E-4
3.987550735473633E-5
1.4775991490978413E-4
6.002193549647927E-5
3.821253776550293E-4
4.4286251068115234E-4
9.47713851928711E-6
2.728104591369629E-4
0.001757145393639803
0.0016764402389526367
3.0279188649728894E-5
6.306171417236328E-4
7.622241973876953E-4
2.6941299438476562E-5
3.230571746826172E-5
2.765655517578125E-5
0.0014553070068359375
6.171464920043945E-4
0.003275156021118164
0.001634359359741211
6.721019817632623E-4
6.401540085789748E-4
0.0012354850769042969
6.768703460693359E-4
4.057884216308594E-4
5.402565002441406E-4
0.0010292530059814453
0.0012369155883789062
0.0018134117126464844
0.0014681816101074219
0.0020542144775390625
0.0020437240600585938
0.0021920204162597656
0.007923603989183903
0.002361297607421875
0.002223968505859375
0.004722118377685547
0.0030884742736816406
0.0092354416847229
7.123947143554688E-4
0.015398025629110634
0.006798744201660156
0.005863189697265625
0.004787445068359375
0.008547782897949219
0.010554313659667969
0.0023565441370010376
7.610321044921875E-4
0.011646270751953125
8.50677490234375E-4
0.008453369198832661
9.059906005859375E-4
0.00921630859375
0.009738922119140625
0.0088997483253479
4.08172607421875E-4
0.0018672943115234375
0.0056324005126953125
0.0109100341796875
0.008884429931640625
0.002063751220703125
0.017483234405517578
0.006824493408203125
0.0096893310546875
0.002277374267578125
0.01952362060546875
0.002849578857421875
0.023189783096313477
0.04880523681640625
0.00437164306640625
0.027008056640625
0.0352630615234375
0.009224414825439453
0.01568603515625
0.0036394596099853516
0.001785285770893097
0.0014419555664062535
0.00605010986328125
0.008270263671875
0.1463470458984375
0.0506134033203125
0.0309295654296875
0.0039825439453125
0.137786865234375
0.013671875
0.0429840087890625
0.00341796875
0.19962310791015625
1.1146639167236572E-13
2.240652108298491E-12
2.0692336732963668E-12
5.588862705963038E-13
1.1295409052536343E-12
1.7497114868092483E-12
1.4739320874923578E-12
4.1300296516055823E-14
3.4638958368304884E-13
1.5263346142546652E-12
0.153106689453125
0.05780029296875
0.20281982421875
0.0410003662109375
0.1041412353515625
0.102203369140625
0.349853515625
0.047027587890625
0.258056640625
0.1576251983642578
0.45086669921875
0.0283203125
0.292236328125
0.16693115234375
0.018311023712158203
0.04998779296875
1.2559814453125
0.4906005859375
0.2666015625
0.5665359497070312
1.1619704309850931E-8
0.952392578125
1.9947037799283862E-8
2.0463630789890885E-8
1.1928932508453727E-8
4.178218659944832E-9
9.800714906305075E-9
4.225512384437025E-9
4.110916052017871E-10
5.5442797020077705E-9
2.3017578125
1.406982421875
3.43701171875
1.64990234375
1.561767578125
1.525390625
0.24267578125
4.669189453125
2.25732421875
1.322998046875
0.20458984375
0.4560546875
2.1669921875
2.89068603515625
0.2626953125
3.5322265625
2.9013671875
6.38720703125
3.48193359375
3.498046875
8.4423828125
2.6650390625
0.208984375
1.314453125
4.4697265625
3.384765625
4.833984375
0.2119140625
7.02978515625
0.3447265625
25.736328125
1.900390625
17.0146484375
17.0810546875
11.46533203125
26.458984375
1.42584228515625
15.150390625
0.31298828125
11.3203125
3.28125
9.931640625
24.83203125
17.234375
3.1171875
10.748291015625
3.7421875
35.53515625
25.2734375
41.83984375
43.1328125
3.4296875
4.3125
41.0157470703125
13.5625
11.078125
33.4921875
3.3515625
7.3671875
63.90625
79.765625
155.3125
76.296875
156.75
61.890625
81.59375
24.96875
30.078125
68.25
20.837890625
2.0303758674344863E-12
6.767919558114954E-13
4.331202063667674E-12
8.79296635503124E-13
4.224620653303646E-12
2.4060753389676393E-12
1.199040866595169E-13
2.143174526736402E-12
2.3137047833188262E-12
4.126921027136632E-12
292.9765625
6.0
241.75
159.28125
223.15625
177.09375
155.1875
138.09375
57.1875
282.1875
58.3125
98.0
60.1875
17.81250000000003
132.375
178.8125
56.25
416.59375
47.25
344.6875
8.415490526658688E-12
9.752199048307375E-13
5.452527318539069E-12
1.5978329770405253E-12
7.546852032191964E-12
6.198597191087174E-12
3.085531830038261E-12
1.2656542480726785E-12
2.0765611452588928E-12
4.5785597535541714E-12
4.474642878449231E-12
1.6548540315852733E-11
5.631051180898794E-13
3.703704010149729E-12
2.1957546891826548E-11
1.7266188478970435E-11
9.880096740744193E-12
8.315126365232572E-12
9.49818002027314E-12
1.4090062450122787E-11
4.444444812179427E-12
2.091837814077735E-11
3.2368774327551364E-11
3.012701199622825E-11
1.8651746813704698E-12
2.657429831742878E-11
1.1826983836726868E-11
3.907985046680552E-11
4.497380245993555E-11
2.2968293933445652E-11
7.510436716984259E-12
3.3303138025075896E-11
1.2285283901292132E-11
4.478550863495922E-11
1.475797262173728E-11
5.056222107668873E-11
9.155343150268891E-11
4.781952611665474E-11
5.290701210469706E-11
3.448974439379526E-11
1.1692691259668209E-10
7.277378699654946E-11
1.2306600183364935E-10
5.1599613470898475E-11
8.770939530222677E-11
2.2282620193437155E-11
9.534062428429066E-11
1.3264411791169553E-10
4.732214620162267E-11
5.17133003086234E-11
1.928457393773897E-13
2.6270652320192767E-13
2.3675506000131463E-14
1.373900992973635E-14
1.8512968935624485E-13
5.2013948703688584E-14
1.6189827256596345E-13
1.5967782651671314E-13
1.6026069360464135E-13
4.979350265443827E-14
2.7753799258789513E-10
2.992806003021542E-11
1.4142642612569034E-10
2.7227997634329686E-10
2.913225216616411E-10
8.554934538551606E-11
3.6169467421134787E-10
6.934897101018578E-12
2.1657342585967854E-11
2.8276758712308947E-10
1.426201379217673E-10
2.921751729445536E-10
2.665956344571896E-10
2.1475443645613268E-10
1.864464138634503E-10
4.261551111994777E-10
4.912976692139637E-10
4.0824943425832316E-10
3.539071258273907E-10
5.509832590178121E-10
1.3095586837157186E-9
1.688249540165998E-10
1.7496404325399059E-10
4.993125912735494E-10
2.220303940703161E-9
9.799805411603302E-11
1.7518004824523816E-9
7.416929292962465E-10
1.326725396211259E-10
1.5438672562595457E-10
2.3669599613640524E-9
1.134594640461728E-10
1.5365912986453623E-9
1.1314114090055227E-9
1.2262262316653505E-9
1.6925696399994195E-9
5.62522473046662E-10
6.01630745222792E-10
1.4572378859156743E-9
3.862623998429626E-9
6.502887117676437E-11
2.3264874471351504E-9
1.961325324380096E-9
4.81122697237879E-9
1.2050804798512475E-10
6.698428478557616E-10
3.8198777474462986E-10
1.2050804798660706E-10
2.2919266484677792E-10
4.427874955581501E-9
1.2214513844810426E-9
2.2910171537660062E-9
1.3869794202037156E-9
4.532921593636274E-9
1.2259988579899073E-9
5.256879376247525E-9
1.6552803572267294E-10
2.546585164965258E-10
2.4738255888234236E-10
1.053194864653051E-9
9.309587767347693E-9
1.6767444321885705E-8
1.5757905203026175E-8
2.370143192820251E-9
1.5459590940736234E-8
4.0381564758718014E-10
9.255018085268423E-9
2.15550244320184E-9
6.475602276623249E-10
9.187715477310121E-9
1.7353158911995875E-9
1.9572325982153416E-8
3.062450559809804E-8
1.673470251262188E-9
4.5984052121978065E-9
8.913048077374697E-10
3.714376362040639E-9
6.359186954796314E-9
2.3053871700540185E-8
3.9217411540448666E-9
6.668415153442478E-8
3.812601789832115E-9
1.3482349459081888E-8
5.0516973715275526E-8
3.950117388740182E-8
3.425520844757557E-8
2.0954757928855043E-8
8.15052771949501E-8
8.109782356768847E-8
2.2249878384172916E-8
4.336470738053322E-9
1.7201818991452456E-7
1.2169766705483198E-7
4.496541805592462E-9
5.1368260760471796E-9
1.539592631161213E-7
8.61764419893545E-8
7.057678885757923E-9
1.2721284292638302E-7
6.338814273479311E-8
1.688649220454863E-13
9.9253938401489E-14
2.1316282072803006E-13
2.8371749394295875E-13
5.517808432387028E-13
3.1585845050585704E-13
2.753353101070388E-13
3.942401960443931E-13
8.426592756904938E-14
5.445643935786393E-14
1.5526893551442988E-7
2.0040897652506828E-7
3.1513627618551254E-7
8.597271517266081E-8
1.5125260688364506E-7
3.725290298461914E-9
3.2092793844640255E-7
2.421438694000244E-8
2.688320819288492E-7
6.481423042714596E-8
6.147893145680428E-7
3.6938581615686417E-7
1.4674151316285133E-7
3.2689422369003296E-7
2.6338966563344E-7
5.029723979537055E-7
7.368507795035839E-7
1.6356352722235457E-7
6.559421308338642E-7
1.673470251262188E-7
3.2351817935705185E-7
7.727649062871933E-7
5.277106538414955E-7
1.5291152521967888E-6
8.194474503397942E-7
1.3152603060007095E-6
7.904600352048874E-8
1.1551892384886742E-6
8.078059181709785E-7
6.041955205593474E-8
5.352776506484247E-7
2.565793693079521E-6
1.376960426568985E-6
2.149725333078223E-6
6.123445928096771E-8
1.587904991939837E-7
2.3515895009040833E-7
6.086193025112152E-7
9.902287274599075E-7
1.6635749489068985E-6
4.2654573917388916E-7
3.4226104617118835E-7
3.925524652004242E-7
4.159286625338154E-6
1.0249204933643341E-6
1.1119991540908813E-6
5.338340997695923E-6
5.0836242735385895E-6
8.190982043743134E-7
4.355795681476593E-6
6.651505835009175E-6
9.989365935325623E-6
1.2638047337532043E-6
9.359791874885559E-7
2.2230669856071472E-6
3.0742958189305947E-6
2.8219074010849E-7
4.927627770712206E-6
5.804002285003662E-6
1.282431185245514E-6
1.0808929829853042E-5
8.458271622657776E-6
3.077089786529541E-6
1.6178935766220093E-5
1.4139339327812195E-5
2.3847445902447362E-5
1.6577541828599607E-5
1.080334186553955E-6
1.6354024978681991E-6
9.220093488693237E-7
3.900378942489624E-6
2.841651439666748E-5
1.7251819372177124E-5
3.3836811780929565E-5
8.545816399418982E-6
9.506941296422156E-6
8.687377885507885E-6
1.8253922462463379E-6
5.6438148021698E-6
2.3994594812615233E-5
3.8020312786102295E-5
3.183633089065552E-5
8.150935173034668E-5
5.1513314303974767E-5
7.768720388412476E-5
8.275359869003296E-5
5.106627941131592E-5
6.473064422607422E-5
3.409385703889711E-5
9.417533874511719E-6
6.780028343200684E-6
1.0401010541727373E-5
7.005035877227783E-5
6.814301016788704E-5
4.902482032775879E-6
9.28342342376709E-5
9.44286621233914E-5
1.4722347287943194E-5
5.397200584411621E-5
6.49392641491886E-5
5.211404641158879E-10
5.685452109105431E-13
2.091837814078798E-10
3.956301952712238E-10
2.255546860396862E-9
7.10315362084657E-10
4.07817424274981E-9
4.489265847951174E-9
1.16442606667988E-8
6.5065250964836345E-9
3.361999988555908E-4
2.8342008590698242E-5
1.2916326534195832E-4
6.595255399588495E-5
3.7670135498046875E-5
2.532005310058594E-4
1.8036365509033203E-4
5.307793617248535E-5
1.60396099204263E-4
2.7054548263549805E-4
5.07056713104248E-4
5.546212196350098E-4
7.94827938079834E-4
3.987550735473633E-5
1.4775991490978413E-4
6.002193549647927E-5
3.821253776550293E-4
4.4286251068115234E-4
9.47713851928711E-6
2.728104591369629E-4
0.001757145393639803
0.0016764402389526367
3.0279188649728894E-5
6.306171417236328E-4
7.622241973876953E-4
2.6941299438476562E-5
3.230571746826172E-5
2.765655517578125E-5
0.0014553070068359375
6.171464920043945E-4
0.003275156021118164
0.001634359359741211
6.721019817632623E-4
6.401540085789748E-4
0.0012354850769042969
6.768703460693359E-4
4.057884216308594E-4
5.402565002441406E-4
0.0010292530059814453
0.0012369155883789062
0.0018134117126464844
0.0014681816101074219
0.0020542144775390625
0.0020437240600585938
0.0021920204162597656
0.007923603989183903
0.002361297607421875
0.002223968505859375
0.004722118377685547
0.0030884742736816406
0.0092354416847229
7.123947143554688E-4
0.015398025629110634
0.006798744201660156
0.005863189697265625
0.004787445068359375
0.008547782897949219
0.010554313659667969
0.0023565441370010376
7.610321044921875E-4
0.011646270751953125
8.50677490234375E-4
0.008453369198832661
9.059906005859375E-4
0.00921630859375
0.009738922119140625
0.0088997483253479
4.08172607421875E-4
0.0018672943115234375
0.0056324005126953125
0.0109100341796875
0.008884429931640625
0.002063751220703125
0.017483234405517578
0.006824493408203125
0.0096893310546875
0.002277374267578125
0.01952362060546875
0.002849578857421875
0.023189783096313477
0.04880523681640625
0.00437164306640625
0.027008056640625
0.0352630615234375
0.009224414825439453
0.01568603515625
0.0036394596099853516
0.001785285770893097
0.0014419555664062535
0.00605010986328125
0.008270263671875
0.1463470458984375
0.0506134033203125
0.0309295654296875
0.0039825439453125
0.137786865234375
0.013671875
0.0429840087890625
0.00341796875
0.19962310791015625
1.1146639167236572E-13
2.240652108298491E-12
2.0692336732963668E-12
5.588862705963038E-13
1.1295409052536343E-12
1.7497114868092483E-12
1.4739320874923578E-12
4.1300296516055823E-14
3.4638958368304884E-13
1.5263346142546652E-12
0.153106689453125
0.05780029296875
0.20281982421875
0.0410003662109375
0.1041412353515625
0.102203369140625
0.349853515625
0.047027587890625
0.258056640625
0.1576251983642578
0.45086669921875
0.0283203125
0.292236328125
0.16693115234375
0.018311023712158203
0.04998779296875
1.2559814453125
0.4906005859375
0.2666015625
0.5665359497070312
1.1619704309850931E-8
0.952392578125
1.9947037799283862E-8
2.0463630789890885E-8
1.1928932508453727E-8
4.178218659944832E-9
9.800714906305075E-9
4.225512384437025E-9
4.110916052017871E-10
5.5442797020077705E-9
2.3017578125
1.406982421875
3.43701171875
1.64990234375
1.561767578125
1.525390625
0.24267578125
4.669189453125
2.25732421875
1.322998046875
0.20458984375
0.4560546875
2.1669921875
2.89068603515625
0.2626953125
3.5322265625
2.9013671875
6.38720703125
3.48193359375
3.498046875
8.4423828125
2.6650390625
0.208984375
1.314453125
4.4697265625
3.384765625
4.833984375
0.2119140625
7.02978515625
0.3447265625
25.736328125
1.900390625
17.0146484375
17.0810546875
11.46533203125
26.458984375
1.42584228515625
15.150390625
0.31298828125
11.3203125
3.28125
9.931640625
24.83203125
17.234375
3.1171875
10.748291015625
3.7421875
35.53515625
25.2734375
41.83984375
43.1328125
3.4296875
4.3125
41.0157470703125
13.5625
11.078125
33.4921875
3.3515625
7.3671875
63.90625
79.765625
155.3125
76.296875
156.75
61.890625
81.59375
24.96875
30.078125
68.25
20.837890625
2.0303758674344863E-12
6.767919558114954E-13
4.331202063667674E-12
8.79296635503124E-13
4.224620653303646E-12
2.4060753389676393E-12
1.199040866595169E-13
2.143174526736402E-12
2.3137047833188262E-12
4.126921027136632E-12
292.9765625
6.0
241.75
159.28125
223.15625
177.09375
155.1875
138.09375
57.1875
282.1875
58.3125
98.0
60.1875
17.81250000000003
132.375
178.8125
56.25
416.59375
47.25
344.6875
8.415490526658688E-12
9.752199048307375E-13
5.452527318539069E-12
1.5978329770405253E-12
7.546852032191964E-12
6.198597191087174E-12
3.085531830038261E-12
1.2656542480726785E-12
2.0765611452588928E-12
4.5785597535541714E-12
4.474642878449231E-12
1.6548540315852733E-11
5.631051180898794E-13
3.703704010149729E-12
2.1957546891826548E-11
1.7266188478970435E-11
9.880096740744193E-12
8.315126365232572E-12
9.49818002027314E-12
1.4090062450122787E-11
4.444444812179427E-12
2.091837814077735E-11
3.2368774327551364E-11
3.012701199622825E-11
1.8651746813704698E-12
2.657429831742878E-11
1.1826983836726868E-11
3.907985046680552E-11
4.497380245993555E-11
2.2968293933445652E-11
7.510436716984259E-12
3.3303138025075896E-11
1.2285283901292132E-11
4.478550863495922E-11
1.475797262173728E-11
5.056222107668873E-11
9.155343150268891E-11
4.781952611665474E-11
5.290701210469706E-11
3.448974439379526E-11
1.1692691259668209E-10
7.277378699654946E-11
1.2306600183364935E-10
5.1599613470898475E-11
8.770939530222677E-11
2.2282620193437155E-11
9.534062428429066E-11
1.3264411791169553E-10
4.732214620162267E-11
5.17133003086234E-11
1.928457393773897E-13
2.6270652320192767E-13
2.3675506000131463E-14
1.373900992973635E-14
1.8512968935624485E-13
5.2013948703688584E-14
1.6189827256596345E-13
1.5967782651671314E-13
1.6026069360464135E-13
4.979350265443827E-14
2.7753799258789513E-10
2.992806003021542E-11
1.4142642612569034E-10
2.7227997634329686E-10
2.913225216616411E-10
8.554934538551606E-11
3.6169467421134787E-10
6.934897101018578E-12
2.1657342585967854E-11
2.8276758712308947E-10
1.426201379217673E-10
2.921751729445536E-10
2.665956344571896E-10
2.1475443645613268E-10
1.864464138634503E-10
4.261551111994777E-10
4.912976692139637E-10
4.0824943425832316E-10
3.539071258273907E-10
5.509832590178121E-10
1.3095586837157186E-9
1.688249540165998E-10
1.7496404325399059E-10
4.993125912735494E-10
2.220303940703161E-9
9.799805411603302E-11
1.7518004824523816E-9
7.416929292962465E-10
1.326725396211259E-10
1.5438672562595457E-10
2.3669599613640524E-9
1.134594640461728E-10
1.5365912986453623E-9
1.1314114090055227E-9
1.2262262316653505E-9
1.6925696399994195E-9
5.62522473046662E-10
6.01630745222792E-10
1.4572378859156743E-9
3.862623998429626E-9
6.502887117676437E-11
2.3264874471351504E-9
1.961325324380096E-9
4.81122697237879E-9
1.2050804798512475E-10
6.698428478557616E-10
3.8198777474462986E-10
1.2050804798660706E-10
2.2919266484677792E-10
4.427874955581501E-9
1.2214513844810426E-9
2.2910171537660062E-9
1.3869794202037156E-9
4.532921593636274E-9
1.2259988579899073E-9
5.256879376247525E-9
1.6552803572267294E-10
2.546585164965258E-10
2.4738255888234236E-10
1.053194864653051E-9
9.309587767347693E-9
1.6767444321885705E-8
1.5757905203026175E-8
2.370143192820251E-9
1.5459590940736234E-8
4.0381564758718014E-10
9.255018085268423E-9
2.15550244320184E-9
6.475602276623249E-10
9.187715477310121E-9
1.7353158911995875E-9
1.9572325982153416E-8
3.062450559809804E-8
1.673470251262188E-9
4.5984052121978065E-9
8.913048077374697E-10
3.714376362040639E-9
6.359186954796314E-9
2.3053871700540185E-8
3.9217411540448666E-9
6.668415153442478E-8
3.812601789832115E-9
1.3482349459081888E-8
5.0516973715275526E-8
3.950117388740182E-8
3.425520844757557E-8
2.0954757928855043E-8
8.15052771949501E-8
8.109782356768847E-8
2.2249878384172916E-8
4.336470738053322E-9
1.7201818991452456E-7
1.2169766705483198E-7
4.496541805592462E-9
5.1368260760471796E-9
1.539592631161213E-7
8.61764419893545E-8
7.057678885757923E-9
1.2721284292638302E-7
6.338814273479311E-8
1.688649220454863E-13
9.9253938401489E-14
2.1316282072803006E-13
2.8371749394295875E-13
5.517808432387028E-13
3.1585845050585704E-13
2.753353101070388E-13
3.942401960443931E-13
8.426592756904938E-14
5.445643935786393E-14
1.5526893551442988E-7
2.0040897652506828E-7
3.1513627618551254E-7
8.597271517266081E-8
1.5125260688364506E-7
3.725290298461914E-9
3.2092793844640255E-7
2.421438694000244E-8
2.688320819288492E-7
6.481423042714596E-8
6.147893145680428E-7
3.6938581615686417E-7
1.4674151316285133E-7
3.2689422369003296E-7
2.6338966563344E-7
5.029723979537055E-7
7.368507795035839E-7
1.6356352722235457E-7
6.559421308338642E-7
1.673470251262188E-7
3.2351817935705185E-7
7.727649062871933E-7
5.277106538414955E-7
1.5291152521967888E-6
8.194474503397942E-7
1.3152603060007095E-6
7.904600352048874E-8
1.1551892384886742E-6
8.078059181709785E-7
6.041955205593474E-8
5.352776506484247E-7
2.565793693079521E-6
1.376960426568985E-6
2.149725333078223E-6
6.123445928096771E-8
1.587904991939837E-7
2.3515895009040833E-7
6.086193025112152E-7
9.902287274599075E-7
1.6635749489068985E-6
4.2654573917388916E-7
3.4226104617118835E-7
3.925524652004242E-7
4.159286625338154E-6
1.0249204933643341E-6
1.1119991540908813E-6
5.338340997695923E-6
5.0836242735385895E-6
8.190982043743134E-7
4.355795681476593E-6
6.651505835009175E-6
9.989365935325623E-6
1.2638047337532043E-6
9.359791874885559E-7
2.2230669856071472E-6
3.0742958189305947E-6
2.8219074010849E-7
4.927627770712206E-6
5.804002285003662E-6
1.282431185245514E-6
1.0808929829853042E-5
8.458271622657776E-6
3.077089786529541E-6
1.6178935766220093E-5
1.4139339327812195E-5
2.3847445902447362E-5
1.6577541828599607E-5
1.080334186553955E-6
1.6354024978681991E-6
9.220093488693237E-7
3.900378942489624E-6
2.841651439666748E-5
1.7251819372177124E-5
3.3836811780929565E-5
8.545816399418982E-6
9.506941296422156E-6
8.687377885507885E-6
1.8253922462463379E-6
5.6438148021698E-6
2.3994594812615233E-5
3.8020312786102295E-5
3.183633089065552E-5
8.150935173034668E-5
5.1513314303974767E-5
7.768720388412476E-5
8.275359869003296E-5
5.106627941131592E-5
6.473064422607422E-5
3.409385703889711E-5
9.417533874511719E-6
6.780028343200684E-6
1.0401010541727373E-5
7.005035877227783E-5
6.814301016788704E-5
4.902482032775879E-6
9.28342342376709E-5
9.44286621233914E-5
1.4722347287943194E-5
5.397200584411621E-5
6.49392641491886E-5
5.211404641158879E-10
5.685452109105431E-13
2.091837814078798E-10
3.956301952712238E-10
2.255546860396862E-9
7.10315362084657E-10
4.07817424274981E-9
4.489265847951174E-9
1.16442606667988E-8
6.5065250964836345E-9
3.361999988555908E-4
2.8342008590698242E-5
1.2916326534195832E-4
6.595255399588495E-5
3.7670135498046875E-5
2.532005310058594E-4
1.8036365509033203E-4
5.307793617248535E-5
1.60396099204263E-4
2.7054548263549805E-4
5.07056713104248E-4
5.546212196350098E-4
7.94827938079834E-4
3.987550735473633E-5
1.4775991490978413E-4
6.002193549647927E-5
3.821253776550293E-4
4.4286251068115234E-4
9.47713851928711E-6
2.728104591369629E-4
0.001757145393639803
0.0016764402389526367
3.0279188649728894E-5
6.306171417236328E-4
7.622241973876953E-4
2.6941299438476562E-5
3.230571746826172E-5
2.765655517578125E-5
0.0014553070068359375
6.171464920043945E-4
0.003275156021118164
0.001634359359741211
6.721019817632623E-4
6.401540085789748E-4
0.0012354850769042969
6.768703460693359E-4
4.057884216308594E-4
5.402565002441406E-4
0.0010292530059814453
0.0012369155883789062
0.0018134117126464844
0.0014681816101074219
0.0020542144775390625
0.0020437240600585938
0.0021920204162597656
0.007923603989183903
0.002361297607421875
0.002223968505859375
0.004722118377685547
0.0030884742736816406
0.0092354416847229
7.123947143554688E-4
0.015398025629110634
0.006798744201660156
0.005863189697265625
0.004787445068359375
0.008547782897949219
0.010554313659667969
0.0023565441370010376
7.610321044921875E-4
0.011646270751953125
8.50677490234375E-4
0.008453369198832661
9.059906005859375E-4
0.00921630859375
0.009738922119140625
0.0088997483253479
4.08172607421875E-4
0.0018672943115234375
0.0056324005126953125
0.0109100341796875
0.008884429931640625
0.002063751220703125
0.017483234405517578
0.006824493408203125
0.0096893310546875
0.002277374267578125
0.01952362060546875
0.002849578857421875
0.023189783096313477
0.04880523681640625
0.00437164306640625
0.027008056640625
0.0352630615234375
0.009224414825439453
0.01568603515625
0.0036394596099853516
0.001785285770893097
0.0014419555664062535
0.00605010986328125
0.008270263671875
0.1463470458984375
0.0506134033203125
0.0309295654296875
0.0039825439453125
0.137786865234375
0.013671875
0.0429840087890625
0.00341796875
0.19962310791015625
1.1146639167236572E-13
2.240652108298491E-12
2.0692336732963668E-12
5.588862705963038E-13
1.1295409052536343E-12
1.7497114868092483E-12
1.4739320874923578E-12
4.1300296516055823E-14
3.4638958368304884E-13
1.5263346142546652E-12
0.153106689453125
0.05780029296875
0.20281982421875
0.0410003662109375
0.1041412353515625
0.102203369140625
0.349853515625
0.047027587890625
0.258056640625
0.1576251983642578
0.45086669921875
0.0283203125
0.292236328125
0.16693115234375
0.018311023712158203
0.04998779296875
1.2559814453125
0.4906005859375
0.2666015625
0.5665359497070312
1.1619704309850931E-8
0.952392578125
1.9947037799283862E-8
2.0463630789890885E-8
1.1928932508453727E-8
4.178218659944832E-9
9.800714906305075E-9
4.225512384437025E-9
4.110916052017871E-10
5.5442797020077705E-9
2.3017578125
1.406982421875
3.43701171875
1.64990234375
1.561767578125
1.525390625
0.24267578125
4.669189453125
2.25732421875
1.322998046875
0.20458984375
0.4560546875
2.1669921875
2.89068603515625
0.2626953125
3.5322265625
2.9013671875
6.38720703125
3.48193359375
3.498046875
8.4423828125
2.6650390625
0.208984375
1.314453125
4.4697265625
3.384765625
4.833984375
0.2119140625
7.02978515625
0.3447265625
25.736328125
1.900390625
17.0146484375
17.0810546875
11.46533203125
26.458984375
1.42584228515625
15.150390625
0.31298828125
11.3203125
3.28125
9.931640625
24.83203125
17.234375
3.1171875
10.748291015625
3.7421875
35.53515625
25.2734375
41.83984375
43.1328125
3.4296875
4.3125
41.0157470703125
13.5625
11.078125
33.4921875
3.3515625
7.3671875
63.90625
79.765625
155.3125
76.296875
156.75
61.890625
81.59375
24.96875
30.078125
68.25
20.837890625
2.0303758674344863E-12
6.767919558114954E-13
4.331202063667674E-12
8.79296635503124E-13
4.224620653303646E-12
2.4060753389676393E-12
1.199040866595169E-13
2.143174526736402E-12
2.3137047833188262E-12
4.126921027136632E-12
292.9765625
6.0
241.75
159.28125
223.15625
177.09375
155.1875
138.09375
57.1875
282.1875
58.3125
98.0
60.1875
17.81250000000003
132.375
178.8125
56.25
416.59375
47.25
344.6875
8.415490526658688E-12
9.752199048307375E-13
5.452527318539069E-12
1.5978329770405253E-12
7.546852032191964E-12
6.198597191087174E-12
3.085531830038261E-12
1.2656542480726785E-12
2.0765611452588928E-12
4.5785597535541714E-12
4.474642878449231E-12
1.6548540315852733E-11
5.631051180898794E-13
3.703704010149729E-12
2.1957546891826548E-11
1.7266188478970435E-11
9.880096740744193E-12
8.315126365232572E-12
9.49818002027314E-12
1.4090062450122787E-11
4.444444812179427E-12
2.091837814077735E-11
3.2368774327551364E-11
3.012701199622825E-11
1.8651746813704698E-12
2.657429831742878E-11
1.1826983836726868E-11
3.907985046680552E-11
4.497380245993555E-11
2.2968293933445652E-11
7.510436716984259E-12
3.3303138025075896E-11
1.2285283901292132E-11
4.478550863495922E-11
1.475797262173728E-11
5.056222107668873E-11
9.155343150268891E-11
4.781952611665474E-11
5.290701210469706E-11
3.448974439379526E-11
1.1692691259668209E-10
7.277378699654946E-11
1.2306600183364935E-10
5.1599613470898475E-11
8.770939530222677E-11
2.2282620193437155E-11
9.534062428429066E-11
1.3264411791169553E-10
4.732214620162267E-11
5.17133003086234E-11
