1.844080443902385E-13
1.7755241721317818E-13
4.753142324176451E-13
1.9001467066459554E-13
1.4474532683550478E-13
2.3342439092743916E-14
5.551115123125783E-14
1.4221956945448255E-13
1.7580381594939354E-13
1.1657341758564144E-14
6.411937647499144E-11
3.4418690120220576E-10
1.461728516005678E-10
5.809397407575241E-11
3.0817659535387065E-10
1.0325607036065786E-10
3.5214497984270565E-11
5.73550096305553E-11
3.1107560971577186E-10
1.681144112808397E-10
7.396465662168339E-10
7.757989806123078E-10
5.377955858421046E-10
1.284661266254592E-10
5.052811502537224E-10
9.57811607804615E-11
5.580318429566052E-10
5.043148121330887E-10
5.786660040030256E-11
3.540208126651123E-10
1.101398083847016E-9
6.073150871090846E-10
9.686118573881686E-10
6.411937647499144E-11
5.201172825763933E-10
9.005134415929206E-10
1.1186784831807017E-10
9.424638847121969E-11
1.067064658855088E-9
9.627001418266445E-10
1.960415829671547E-9
1.9133494788547978E-9
2.47837306234817E-10
1.1636984709184617E-9
2.0825154933845624E-9
2.1432242647279054E-9
1.2860255083069238E-9
9.86574377748184E-10
1.3669705367647111E-9
1.434727892046801E-9
3.7471181713383457E-10
3.4237928048241884E-9
4.083176463609561E-9
1.8553691916167736E-10
7.253220246639367E-10
2.44745024247095E-9
1.9749677448999137E-9
2.6861926016863436E-9
2.1509549697268566E-10
2.9126567824278027E-9
1.1068550520576537E-8
8.62928573042832E-9
6.0254023992456496E-9
1.545231498312311E-9
2.0236257114447653E-9
2.9740476747974753E-9
6.183654477354139E-9
4.019966581836343E-9
1.0064468369819224E-8
2.801243681460619E-9
1.2412783689796925E-8
1.71203282661736E-8
1.6694684745750647E-8
4.602043190971017E-10
1.9103026716038585E-8
9.704308468025565E-9
1.4879333321276157E-9
3.287277650088072E-8
3.125205694232136E-8
5.757101462331056E-9
2.735760063368343E-9
2.5393092073517097E-9
1.0113581083714962E-9
5.471520125865936E-9
3.114473656773069E-8
2.399610821157694E-8
2.6666384655982256E-9
5.47879608348012E-9
5.857145879417658E-10
1.2223608791828156E-9
9.349605534225702E-9
3.709283191797447E-8
4.1211023926734924E-8
3.368768375366926E-9
2.321030478924513E-9
1.848820829764686E-8
3.93774826079607E-8
2.163869794458151E-8
2.051820047199726E-9
3.700552042747163E-8
8.48085619578609E-8
6.674963515251875E-8
8.859205991116476E-8
1.4553370419889688E-7
7.438939064744184E-8
1.1408701539066717E-8
6.244226824492216E-8
1.0491930879999445E-7
7.021299099161521E-8
1.2446253094822168E-7
6.807332475489147E-13
4.655720253765594E-13
1.4738210651898953E-13
4.687361609967411E-13
1.5831780331154732E-13
1.3922196728799463E-13
6.983302824892235E-14
3.1186164761720647E-13
1.0186296250935811E-13
7.925882172798993E-13
1.4327815733850002E-7
7.540802471339703E-8
6.9267116487026215E-9
1.273583620786667E-7
1.5454133972525597E-7
3.859167918562889E-8
7.479684427380562E-9
7.31379259377718E-8
2.1711457520723343E-8
7.596099749207497E-9
2.975575625896454E-7
7.182825356721878E-8
1.8160790210552946E-7
1.317821443080902E-7
5.220063030719757E-7
4.362664185464382E-7
5.395268090069294E-7
2.798624336788902E-7
2.9744114726781845E-7
7.811468094587326E-8
7.043126970529556E-8
3.236345946788788E-8
1.0994262993335724E-6
6.34347089079057E-7
1.1003576219081879E-6
6.265472620725632E-7
8.475035429000854E-7
6.046611815690994E-7
5.073379725217819E-7
5.628680810349646E-7
1.001637429005886E-6
3.497116285453364E-7
1.473352313041687E-6
9.85804945230484E-7
1.6833655536868664E-7
6.05359673500061E-8
2.1494925022194633E-6
5.51808625459671E-8
1.4507677406072617E-6
3.033783286809921E-7
7.106456905603409E-6
2.891756594181061E-6
1.979060478163319E-6
5.754176527261734E-6
4.066154364323893E-6
1.2619420886039734E-7
3.0426308512687683E-6
6.699003279209137E-6
3.3387914299964905E-7
2.5401823222637177E-6
6.075948476791382E-6
1.6978010535240173E-6
4.1211023926734924E-6
2.430751924187291E-7
4.0065497159957886E-6
9.479932487010956E-6
4.7013163566589355E-6
1.603737473487854E-6
2.1141022454873593E-7
9.695999324321747E-6
1.458451265534677E-6
1.5856698155403137E-5
3.1944364309310913E-6
1.1695549005708017E-5
5.597248673883115E-6
8.145347308641249E-6
4.196539521217346E-6
1.0998919606208801E-5
9.953975677490234E-6
1.148320734500885E-5
2.2295862436294556E-5
4.5940279960632324E-5
3.330409526824951E-5
3.462657377895084E-5
5.701929421775276E-5
4.692748188972473E-5
3.327801823616028E-5
1.4081597328186035E-5
1.5866011381149292E-5
2.2623687982559204E-5
2.852082275239809E-5
7.002800703048706E-5
5.953013896942139E-6
2.1241605736577185E-5
4.8279762268066406E-5
3.947317600250244E-5
4.604458990797866E-5
1.7136335372924805E-6
5.222857005549031E-6
4.187226295471191E-6
1.7918646335601807E-4
1.3683736688108183E-4
1.0907649993896484E-5
9.651482105255127E-5
1.6772747039794922E-4
4.470348358154297E-6
3.8042664527893066E-5
5.2303075790405273E-5
6.303191184997559E-6
1.4531612396240234E-4
6.229461391171753E-13
4.803935027553056E-13
4.9649173661237E-13
5.784261958297066E-13
1.1723955140041653E-13
5.477840403500522E-13
6.483702463810934E-14
5.706546346573305E-14
5.582201367815293E-13
2.8055335832277706E-13
1.5485286712646484E-4
1.800060272216797E-5
3.394484519958496E-5
2.880990506355374E-4
2.1541118621826172E-4
4.693865776062012E-5
1.3673305524264379E-4
1.4027953147888184E-4
2.7805566787719727E-5
7.152557486733713E-6
3.102421760559082E-4
4.7624111402910785E-5
8.128285553539172E-4
3.8564205169677734E-4
3.069639205932617E-5
3.234744071960449E-4
2.783536911010742E-4
4.023313522338867E-5
1.2284517288208008E-4
2.938508987426758E-4
2.1183490753173828E-4
8.828639984130859E-4
7.449390832334757E-4
8.308887481689453E-5
6.225109100341797E-4
3.349782491568476E-5
6.887912750244141E-4
5.724430084228516E-4
0.001026511425152421
3.540515899658203E-4
0.002111196517944336
7.834434509277344E-4
9.369850158691406E-5
0.0020782947540283203
9.088516235351562E-4
1.0943412780761719E-4
5.562305450439453E-4
3.01361083984375E-4
0.0011453628540039062
5.550384594243951E-4
2.1219256450422108E-4
0.002101898193359375
0.004155158996582031
8.296966552734375E-5
0.005584716796875
0.006828784942626953
0.003314495086669922
0.004645348584745079
0.0034108180552721024
0.0011634845286607742
0.0010194778442382812
0.006051063537597656
7.467269897460938E-4
8.869171288097277E-4
0.003726959228515625
0.004581451416015625
0.009996414184570312
6.90460205078125E-4
0.0075855255126953125
0.005381584167480469
0.0055217742919921875
0.009159088600426912
0.013303875923156738
0.015096724033355713
0.00824737548828125
0.011121749877929688
0.001842498779296875
0.008363723754882812
0.012910842895507812
0.0054836273193359375
9.46044921875E-4
0.0214691162109375
0.035747528076171875
0.035965085262432694
9.384192526340485E-4
0.034839630126953125
0.01082611083984375
0.022586822509765625
0.020595550537109375
0.001098664477467537
0.04311370849609375
0.005523681640625
0.097076416015625
0.02547454833984375
0.00293731689453125
0.0034942626953125
0.0381622314453125
0.08364105224609375
0.00774383544921875
0.0275115966796875
0.0028076171875
0.0147247314453125
0.0718231350183487
0.1513671875
0.1285400390625
0.0053253173828125
0.008209228515625
0.15407562255859375
0.144622802734375
0.0503997802734375
6.308287225920139E-13
1.3071765891936593E-12
9.661160760288112E-13
9.532374889431602E-13
1.0125233984581428E-12
3.348654686874397E-12
1.1994849558050191E-12
1.575184427338172E-12
1.1368683772161607E-12
1.4344081478157023E-12
0.41357421875
0.16363537311553955
0.022705078125
0.3448486328125
0.16351318359375
0.007720947265625
0.15670788288116455
0.0870513916015625
0.133697509765625
0.007690548896789551
0.04998779296875
0.2955322265625
0.20220947265625
0.01568603515625
0.31207275390625
0.36614990234375
0.6568603515625
0.59588623046875
0.15655517578125
0.26373291015625
0.5306396484375
0.7614765167236328
0.870849609375
0.86328125
0.318115234375
0.6180419921875
0.27880859375
0.8768310546875
0.1090087890625
0.50006103515625
2.060546875
1.18798828125
0.6826171875
1.408203125
0.924072265625
2.221923828125
3.24755859375
1.555419921875
0.861083984375
0.873291015625
2.99169921875
0.4775390625
1.298370361328125
2.32958984375
5.4052734375
0.92919921875
4.41357421875
1.44775390625
0.884307861328125
5.27294921875
8.515625
0.6669921875
8.2353515625
5.71875
8.2822265625
2.7568359375
0.7900390625
1.2666015625
1.5255126953125
10.4599609375
3.078426402680634E-11
4.561684363579843E-12
4.7268855496440665E-11
1.4576784224118455E-11
3.427302885938843E-11
2.163602630389505E-11
2.7782220968219933E-12
2.12700967949786E-11
2.6069812975038076E-11
5.471179065352771E-13
19.23046875
1.435791015625
47.953125
17.16015625
51.453125
3.012939453125
39.837890625
32.78125
35.44921875
3.29296875
33.65625
46.015625
22.01953125
89.71875
13.921875
72.6251220703125
73.5400390625
46.0546875
33.765625
7.6484375
28.171875
46.8125
148.453125
82.59375
12.578125
110.1875
17.640625
59.3125
73.59375
18.625
4.0603076456591225E-12
2.1227464230832993E-13
1.6551204851111834E-12
7.581935079770119E-12
3.3169023083701177E-12
2.69562150378988E-13
1.6564527527407336E-12
6.918909889463976E-13
2.277289468111121E-12
3.5895730832180577E-12
622.375
226.625
4.8828125
312.1875
5.875
15.1875
149.84375
25.953125
540.3125
193.34423828125
528.625
180.75
62.0
286.4375
20.75
15.1875
263.0625
575.75
31.75
394.875
7.68807240092431E-12
4.565237077258644E-12
3.80762088525445E-12
4.273026377177303E-12
4.799716180059477E-12
4.309441692385008E-12
5.0830450959438175E-12
9.85878045867139E-13
7.744027641365392E-12
1.2168044349891729E-11
8.379075211450981E-12
1.5997869695638656E-11
2.084021843984374E-11
9.645617637943368E-13
2.468780735398468E-11
1.6537882174816332E-11
1.610267474916327E-11
9.643841281104011E-12
4.625633209798252E-12
1.0931699989669141E-11
1.8754775510387844E-11
2.5149660132229263E-11
3.411670945752142E-11
1.162803187071404E-11
1.7681855979390093E-11
2.475530891388189E-11
7.759126674500296E-12
6.934897101018578E-12
2.241762331323116E-12
1.7998047496803338E-11
4.1197267819371436E-11
3.822719918389339E-11
8.162004405676271E-11
3.799272008109421E-11
2.3376856006507296E-11
9.379164112033322E-11
1.4985346297180516E-11
9.759304475664976E-11
3.101519041592837E-11
8.732570222491638E-12
7.86712917033616E-11
7.433698101522832E-11
6.549782938236604E-11
1.1525003174028825E-11
4.065725534019296E-11
1.1267786703683669E-10
1.3743317595071858E-10
1.6329693153239946E-10
6.230038707144558E-11
3.9605652091267984E-11
