2.043643032578757E-13
1.2778667013435552E-13
2.4888424654534447E-13
1.353639422774222E-13
7.033262861000367E-14
2.2662427490161013E-13
2.7533531010703882E-14
2.476907567938724E-13
2.3361867995674857E-13
1.0225154056797694E-13
8.952838470577262E-12
1.496118784416467E-10
1.262208115804242E-10
1.2377654456940956E-10
1.9284129848531766E-10
1.0163603292312473E-10
1.6996182239381596E-11
2.2143353817227762E-10
7.477751751139294E-11
5.308038453222252E-10
6.02540239924565E-11
1.0646772352639929E-10
3.4395952752674935E-10
5.870219865755648E-10
7.162270776461812E-11
1.3358203432289883E-10
3.9096903492463753E-10
6.092477633501932E-10
2.290221345901955E-10
3.580566954042297E-10
5.609308573193005E-10
5.084075382910669E-10
6.325535650830716E-10
1.3041017155047634E-9
7.935341272968815E-10
5.88556758884808E-10
6.798472895752639E-10
7.16227077646181E-11
7.000835466897115E-10
8.215010893763974E-10
1.9572325982153416E-9
1.1577867553569376E-9
1.0300027497578412E-10
2.2332642402034253E-9
2.4206201487722484E-9
1.693479134701199E-9
1.169382812804549E-9
2.4965629563688056E-10
3.6088749766349792E-9
1.0045368981081992E-9
2.5538611225783825E-9
3.4547156246844944E-9
6.5897438616957515E-9
1.3669705367647111E-9
2.678007149370387E-9
5.240508471622389E-9
4.7975845518521965E-9
8.36735125631094E-11
4.806224751519039E-9
6.805294106019324E-9
5.156834959052503E-10
8.838469511829317E-9
4.608409653883427E-9
4.893081495538354E-9
2.723936631810026E-9
2.6284396881237626E-9
1.9372237147763371E-10
1.4406396076083183E-9
1.3323187886271626E-8
4.689354682341218E-9
1.0084477253258228E-8
8.378265192732215E-9
4.856701707467437E-10
1.9163053366355598E-8
1.7123966245089113E-8
5.566107574850321E-10
1.7667844076640904E-8
3.212517185602337E-8
9.351424523629248E-9
1.4297256711870432E-9
1.000444171950221E-9
2.4945620680227876E-8
2.999149728566408E-8
2.4119799491018057E-9
3.1592207960784435E-8
3.0267983677171456E-9
2.83762346953323E-9
1.9637809600897907E-8
1.8280843505635858E-8
1.936496119058287E-8
3.1381205189973116E-8
1.998705556616187E-8
7.470225682482123E-8
3.5754055716097355E-8
6.53235474601388E-8
2.3625034374988307E-8
1.0870280675590038E-8
7.486232789233327E-8
4.141475073993206E-8
5.1746610552072525E-8
2.3713801056146622E-7
1.0328949429097841E-7
6.365007720887661E-8
9.67993400990963E-8
2.325396053493023E-8
6.626942194998264E-8
9.271025192339466E-8
1.6736157704144716E-7
6.446498446166515E-9
5.916808731853962E-8
2.670641485735814E-13
3.8924419243358E-13
6.372680161348401E-14
2.433608869978343E-13
2.142730437526552E-13
3.3956171208160413E-13
7.214784325526582E-13
4.681255383331973E-13
5.966338534335591E-13
4.274358644806863E-14
2.7817441150546074E-7
3.8277357816696167E-7
1.3181124813854694E-7
4.871981218457222E-8
3.9173755794763565E-8
3.577733878046274E-7
1.9598519429564476E-7
1.3969838619232178E-8
1.6787089407444E-7
7.62520357966423E-9
1.698499545454979E-7
1.3224780559539795E-7
5.005858838558197E-8
4.6013155952095985E-7
9.371433407068253E-9
2.5652116175667317E-7
4.923203960061073E-7
6.489572115242481E-7
5.203182809054852E-7
3.4837285056710243E-7
2.6659108698368073E-8
6.719492375850677E-7
7.394701242446899E-7
1.0397052392363548E-6
3.3387914300138377E-7
2.5262124838179578E-8
1.8172431737184525E-7
1.778826117515564E-7
1.0529765859246254E-6
8.546048775315285E-7
6.984919309616089E-8
5.8906152844429016E-8
3.3574178814888E-7
2.500368282198906E-6
8.4005296319134E-7
2.0258594304323196E-6
1.5576370060443878E-6
7.101334631443024E-8
2.2975727915763855E-6
1.4784745872020721E-6
2.2565945982933044E-6
3.3532269299030304E-6
2.0884908735752106E-6
2.0186416804929275E-6
2.0274892449378967E-6
1.9762665033340454E-6
3.0901283025741577E-6
2.146698543648018E-7
6.984919309616089E-7
5.392357707058315E-7
7.059425257693874E-7
8.121132850646973E-7
8.764676749706268E-6
8.385628476048623E-6
1.0486692190170288E-6
3.6973506212234497E-7
1.1157244445003656E-6
2.2351741790771484E-7
7.208436727523804E-7
7.362104980770945E-6
1.6359612345695496E-5
9.16793942451477E-6
1.0479241609573364E-5
8.907169103622437E-6
1.1416152119636536E-5
1.8807128071784973E-5
8.191913366317749E-6
2.7952715754508972E-5
3.766268491744995E-6
1.0641291737556458E-5
2.26534903049469E-5
4.808977246284485E-5
2.9169023054720356E-6
5.446374871098669E-6
2.2448599338531494E-5
1.6242265701293945E-6
8.989125490188599E-6
1.4919787645339966E-5
1.9922852516174316E-5
2.5492161512374878E-5
1.3776123523712158E-5
3.243982791900635E-5
4.023313522338867E-5
2.0794570446014404E-5
3.3006072115426832E-6
6.40973457848304E-5
3.4205615520477295E-5
2.1010638420193573E-6
3.725290298461914E-5
2.5480985641479492E-6
3.7610530853271484E-5
4.2364001302530596E-5
6.002187728881836E-5
1.313239336013794E-4
1.468658447265625E-4
8.42064619064331E-5
3.5315752029418945E-5
1.265555624740955E-4
3.616511821746826E-5
1.1405349505366758E-4
1.052602449647111E-12
6.518119377574295E-13
9.93205517829665E-13
6.700195953612821E-13
9.648948307017235E-13
2.8888003100746573E-13
6.0285110237146E-13
1.437516772284653E-12
5.591083152012288E-13
3.356204203441849E-13
1.0800361633300781E-4
6.318092346191406E-6
4.3576955795288086E-4
5.9902669136135955E-6
2.544522285461426E-4
9.32812702103547E-6
2.7596950587849278E-5
1.6540288925170898E-4
5.581974994584016E-5
6.556511152666644E-6
2.161264419555664E-4
6.617307662963867E-4
2.5397539138793945E-4
2.561211585998535E-4
4.0739786345511675E-4
3.2407045364379883E-4
5.663633346557617E-4
7.805229397490621E-4
3.402233132874244E-4
7.34865665435791E-4
0.001000046730041504
0.0013051033020019531
3.147125244140625E-5
4.720711149275303E-5
0.0010949373247512995
8.547306060791016E-4
3.6478044421528466E-5
8.165836334228516E-5
6.203651428222656E-4
0.0012470484070945531
1.7571449279785167E-4
0.001661539077758789
0.0010654926372808404
0.003973245620727539
0.0010123252868652344
0.002238750457763672
4.982948303222656E-5
2.822885289788246E-4
0.001403570182446856
5.078315734863281E-5
0.0020437240600585938
2.2602081298828125E-4
0.0046672821044921875
0.0020728111267089844
0.0041770935349632055
0.004049302078783512
0.003124237060546875
0.004731655120849609
1.3828277587890625E-4
4.835203289985657E-4
0.009630203261622228
0.0023326873779296875
0.003217726945877075
0.010049819946289062
0.006331443786621094
0.0051403045654296875
0.0048675537109375
0.0017337799072265625
0.0085906982421875
0.006296157953329384
0.013410568237304688
0.0020219087600708008
0.03442192077636719
0.020030975341796875
0.020380020141601562
0.0103607177734375
0.004457592964172363
0.03668212890625
0.011774182319641113
0.029462873935699463
0.008975982666015625
0.058170318603515625
0.020275115966796875
0.02297210693359375
9.346082806587219E-4
0.00295257568359375
0.0098724365234375
0.006839752197265625
0.0402374267578125
0.016307830810546875
0.001495368778705597
0.0482940673828125
0.01557159423828125
0.02869415283203125
0.021324217319488525
0.00698089599609375
0.03295326232910156
0.032257080078125
0.08419060707092285
0.03997039794921875
0.0657196044921875
0.187835693359375
0.13704681396484375
0.010757476091384888
0.09626772999763489
0.1141357421875
0.05516815185546875
0.0723876953125
0.00372314453125
0.0724945068359375
6.072919944699606E-13
1.0307310560619953E-12
1.1530776333756876E-12
4.589661983800397E-13
1.7010837183306649E-12
2.786881836414068E-12
1.7139623054163167E-12
1.3584688929313432E-12
1.0391687510491465E-12
2.1098678359976475E-12
0.047637939453125
0.123382568359375
0.3577880859375
0.034820556640625
0.092132568359375
0.049713134765625
0.2913818359375
0.17108154296875
0.282867431640625
0.055970191955566406
0.1776123046875
0.06158447265625
0.03350830078125
0.539306640625
0.530609130859375
0.37005615234375
0.0960693359375
0.019775390625
0.292724609375
0.2784424424171448
0.0521240234375
0.21630859375
0.272705078125
0.063232421875
0.90625
0.5766603946685791
0.5926513671875
0.0301513671875
0.23681640625
0.12426948547363281
1.315673828125
1.29345703125
1.117431640625
3.30859375
2.82080078125
1.3979568481445312
0.23706817626953125
2.548828125
0.137939453125
1.49853515625
2.92041015625
0.6884765625
2.89599609375
1.22314453125
0.35400390625
5.88720703125
2.24267578125
4.12109375
0.7841796875
3.3916015625
7.34871719032526E-8
0.5333251953125
5.147012416273355E-7
2.8224894776940346E-7
3.6583514884114265E-8
2.2177118808031082E-8
1.681328285485506E-7
1.2470991350710392E-7
2.443848643451929E-7
2.709857653826475E-7
3.216796875
0.64306640625
6.55078125
11.728515625
8.45703125
18.58984375
9.1328125
1.69580078125
1.48828125
4.76953125
1.1796875
20.68359375
2.1982421875
23.6328125
40.9453125
7.6640625
17.1484375
1.66796875
51.138671875
26.888671875
61.828125
33.9296875
1.984375
44.1640625
2.2119140625
39.8515625
1.703125
38.3828125
42.9921875
52.953125
22.0
16.453125
10.984375
28.3046875
239.34375
135.4765625
74.65625
275.1171875
3.203125
169.46875
4.947153797729698E-13
5.10924635932497E-12
3.228528555609955E-13
2.2248869413488218E-13
2.4096280526464398E-12
3.2445157671645575E-12
4.147793219999585E-13
2.424727085781342E-12
3.975930695787611E-12
6.616929226765933E-13
181.75
353.5
63.375
37.34375
274.84375
3.40625
479.4375
73.09375
248.03125
331.96875
17.375
179.3125
303.75
176.1875
537.0
448.375
595.0
286.6875
465.75
787.5625
1.1290524071227992E-11
4.523492691532738E-12
9.258371846954105E-12
8.421707775596613E-12
9.890754881780595E-12
2.9407587476271146E-12
7.97761856574654E-12
2.1963764140764397E-11
9.477751916620036E-12
5.46052092431637E-12
1.0489387136658479E-11
1.6067147612375265E-11
2.4703794565539283E-11
2.078337502098293E-12
1.5777601447553076E-11
9.368505970996921E-12
9.2192919964873E-12
2.327027459614328E-12
1.9184653865522834E-12
2.737721160883666E-11
4.632738637155853E-12
1.6985524098345195E-11
2.261657527924399E-11
2.6780355710798176E-11
1.851674369390821E-11
2.361133510930813E-11
2.518163455533795E-11
2.5618618337830412E-11
3.944222726204316E-11
3.6415315207705135E-12
7.748468533463975E-11
7.013056801952189E-12
3.3011815503414255E-11
8.952838470577262E-13
4.912692475045333E-11
3.605293841246749E-11
1.319477860306506E-11
6.333067403829773E-11
2.722799763432704E-11
2.972200263684499E-11
6.66631194690126E-11
1.698197138467963E-11
4.6284753807412926E-11
1.1459633242338896E-10
1.3426415534922853E-10
1.7766410564945545E-10
6.5284666561638E-11
9.075051821128661E-11
1.2680345662374748E-10
9.410427992406767E-11
