1.9254042804561782E-13
2.4993895841873837E-13
2.4069635173873394E-13
4.028721800608537E-13
3.5471625636773764E-14
1.2995160503237457E-13
1.5279444376403717E-13
2.6018076582090544E-13
3.6187719487656977E-13
1.5246137685664962E-13
3.0871660783304833E-10
1.9056756173085887E-10
3.9270275919989217E-10
1.7615775504964404E-10
1.5074874681886286E-10
3.572608875401784E-11
2.2509993868879974E-11
1.3295675671542995E-10
2.1793766791233793E-10
3.239790657971753E-10
1.7621459846850485E-10
4.710045686806552E-10
2.496562956366688E-10
2.239630703115877E-11
3.0104274628683925E-10
6.161826604511589E-11
3.781224222620949E-10
5.7411853049416095E-11
3.512923285597935E-11
5.155129656486679E-10
1.1266365618212149E-10
5.51608536625281E-10
1.9758772396016866E-9
1.136072569352109E-9
8.197957868109967E-10
1.703028829069808E-10
1.799890014808625E-9
2.283627509314101E-9
2.1373125491663814E-10
9.870291250990704E-10
2.8967406251467764E-10
1.311946107307449E-10
1.3505996321327984E-9
4.420144250616431E-10
1.2150849215686321E-9
3.348304744577459E-9
1.6932517610257491E-9
1.1314114090055227E-9
1.1007159628206864E-9
1.936996341100894E-9
1.951775630004704E-9
2.420620148768675E-9
2.913111529778689E-9
4.679350240621716E-10
4.434696165844798E-9
3.4178810892626643E-9
2.0618244889192283E-9
4.1009116102941334E-9
1.3951648725200987E-9
4.300090949982405E-9
4.382854967843741E-9
3.6534402170218527E-9
2.2891981643658485E-9
8.871211321093142E-9
2.406522980891274E-9
8.74479155757381E-9
2.5374902179464698E-9
4.866706149186939E-9
3.3924152376130223E-10
1.578882802291356E-9
8.263668860308826E-9
1.2552845873869956E-8
1.9463186617940664E-9
9.995346772484481E-9
5.082256393534228E-9
7.828930392861366E-9
7.828930392969786E-9
6.442860467359424E-9
9.80253389581704E-9
9.864379535429603E-9
3.087916411459446E-8
3.452805685810745E-8
5.456968210637569E-10
4.081812221578586E-8
1.5170371625572443E-9
1.459193299524486E-8
1.7509591998532414E-8
1.7789716366678476E-9
2.707747626118362E-8
1.7691490938887E-8
6.079062586650252E-8
1.4217221178114414E-8
1.1664815247058868E-7
7.065682439133525E-8
4.8326910473406315E-8
4.418689059180331E-8
4.4696207623928785E-8
3.0995579436421394E-9
3.250897862017155E-8
3.587047103792429E-9
6.851041689515114E-8
4.543107934296131E-8
6.363552529367535E-8
6.298068910837173E-8
7.201742846518755E-8
6.84376573190093E-8
2.191518433392048E-8
7.882772480594102E-8
1.1439260561019521E-7
1.714215613971004E-7
3.995137554113626E-13
8.731904088676856E-14
4.804490139065365E-13
4.936051567483446E-13
4.71733763163229E-13
1.8146595337498184E-13
3.38673533661904E-13
3.8324898810060404E-13
7.291944825738028E-13
1.1290968160437842E-13
1.2491364032040948E-7
1.7267302612755664E-7
1.2881355360150337E-7
3.6432174965740605E-7
2.8667272999882698E-8
1.5972182154655457E-7
2.5416375137876385E-7
1.376611180672893E-7
4.391768015921116E-8
1.1871452443995567E-7
3.9581209421157837E-7
3.129243850708008E-7
4.371395334601402E-8
1.2631062418222427E-8
8.771894505210653E-8
3.306195139884949E-8
5.71482814848423E-7
2.7689384296536446E-7
3.037857823073864E-7
1.7549609765410423E-7
1.735752448439598E-7
8.306233212351799E-7
1.2281816452741623E-7
1.0504154488444328E-6
1.7334241420030594E-7
1.157284714281559E-6
8.284114301204681E-7
5.151377990841866E-7
2.3283064365386963E-7
1.3191020120650876E-6
1.4761462807655334E-6
2.2049061954030127E-6
3.494787961244583E-7
1.1827796697616577E-6
1.1874362826347351E-7
1.3045500963926315E-6
4.98257577419281E-8
1.0719522833824158E-6
2.2819731384515762E-6
1.9792933017015457E-6
5.812849849490265E-6
1.8579885363578796E-7
2.143438905477524E-6
2.619344744658747E-6
3.7439167499542236E-7
7.2503462433815E-7
1.294538378993071E-7
2.0344741678002265E-6
2.745073288679123E-6
5.587935447692871E-8
5.9586018323898315E-6
1.0095536850940334E-6
4.518777132034302E-6
9.736046223451922E-6
7.105991244316101E-7
1.6568228602409363E-6
5.281530320644379E-6
8.328817784786224E-6
2.952292561531067E-7
7.13393093043635E-7
8.029863238334656E-6
2.0289793610572815E-5
9.549781680107117E-6
8.625909742931981E-6
2.6971101760864258E-6
8.16583634843937E-6
4.6193599700927734E-6
2.7939677238464355E-7
1.0181218385696411E-5
2.2912397980690002E-5
5.479529522744997E-5
1.747533679008484E-5
1.753121659930912E-5
2.025812864303589E-5
1.7706304788589478E-5
7.40587711356433E-6
6.183981895446777E-7
8.903443813323975E-7
3.349408507347107E-5
3.138929605484009E-5
5.2638351917266846E-5
1.0460615339979995E-4
6.504356861114502E-5
6.696582022414077E-5
4.991890818928368E-6
9.237974882125854E-5
5.2481889724731445E-5
6.490200757980347E-5
3.4794211387634277E-6
6.648898124694824E-5
8.691847324371338E-5
6.160141856526025E-5
1.1160969734191895E-5
6.474554538726807E-5
1.119077205657959E-5
7.443130016326904E-5
6.568431854248047E-5
1.8717348939389922E-4
3.3229589462280273E-6
1.4156103134155273E-5
4.674038933671909E-13
1.6814327707947996E-12
5.969669203409467E-13
4.3165471197426086E-13
5.612177389480168E-13
1.2218004385999848E-12
6.878941860577474E-13
7.931433287922118E-13
5.117017920497346E-13
1.0140777106926182E-12
5.128979682922363E-5
1.9937753677368164E-4
3.1948089599609375E-5
1.3649463653564453E-5
3.326833248138428E-4
2.8502941131591797E-4
1.8137693405151367E-4
1.690387725830078E-4
1.6120076190873078E-4
1.316666603088379E-4
7.736682891845703E-5
2.014636993408203E-5
8.107423782348633E-4
1.938939094543457E-4
5.783438682556152E-4
1.3041499187238514E-4
5.025267601013184E-4
2.560615539550781E-4
5.292296409606934E-4
3.74913215637207E-5
5.795955657958984E-4
6.290674209594727E-4
1.709461212158203E-4
6.121397018432617E-4
0.0012540817260742188
0.0011867284774780273
8.789300918579102E-4
8.510351181030273E-4
3.4940242949232925E-4
8.296971209347248E-4
0.0051724910736083984
6.079673767089844E-4
6.694793701171875E-4
0.002061605453491211
0.0017080344259738922
0.0025482187047600746
6.21795654296875E-4
0.0026204586029052734
2.2029876708984375E-4
2.377033233642578E-4
0.003116607666015625
1.3256072998046875E-4
0.003796100616455078
0.003269679844379425
0.004991054534912109
0.001680377870798111
3.3521655132062733E-4
0.006223201751708984
0.005342006683349609
0.003145698457956314
0.008982658386230469
0.0034456253051757812
0.012333869934082031
9.49859619140625E-4
0.004503250180277973
0.0031461715698242188
0.004143714904785156
0.009998321533203125
0.014128684997558594
0.0016431808471679688
3.070835955440998E-4
0.020572662353515625
0.020509839057922363
0.012683868408203125
0.017591476440429688
0.00963592529296875
0.01464080810546875
0.00836193561553955
0.00138092041015625
5.378727801144123E-4
0.0362091064453125
0.01668931543827057
0.016334548592567444
0.018642425537109375
0.02050018310546875
0.039672851795330644
0.0125579833984375
0.03473663330078125
0.032176973298192024
0.007297992706298828
0.02629852294921875
0.0714569091796875
0.0208740234375
0.0997014045715332
0.064666748046875
0.013360977172851562
0.04996490478515625
0.0778961181640625
0.0016937255859375
0.09987640380859375
0.128326416015625
0.07968902587890625
0.136749267578125
0.1372680962085724
0.06488037109375
0.023284912109375
0.1336822514422238
0.19881057739257812
0.0767059326171875
0.0813751220703125
1.950439809661476E-12
2.589928271845565E-12
2.9620750296999176E-12
6.861178292183467E-14
1.1257661469699087E-12
3.2027713814386516E-12
1.7386092565630032E-13
3.417932603611007E-12
1.0391687510491465E-13
1.2803091919977305E-12
0.1526947021484375
0.300750732421875
0.21697998046875
0.157928466796875
0.1734619289636612
0.098388671875
0.265045166015625
0.007236495614051819
0.137847900390625
0.162841796875
0.37671661376953125
0.6397705078125
0.2613525390625
0.54376220703125
0.02978515625
0.20196580886840823
0.5618896484375
0.302490234375
0.81390380859375
0.10400390625
1.4605712890625
0.1536865234375
1.1361083984375
0.8990478515625
1.09228515625
0.0325927734375
0.7322998046875
1.7198486328125
1.5479736328125
0.7215576171875
2.18994140625
0.04590606689453125
0.214599609375
0.357177734375
0.14794921875
2.245849609375
1.048095703125
2.398681640625
1.3095703125
1.28515625
1.13232421875
0.150421142578125
3.494140625
4.39306640625
1.36767578125
0.42529296875
2.755889892578125
7.5146484375
0.24951171875
3.7568359375
1.4794921875
6.3974609375
8.7373046875
1.7412109375
4.3935546875
1.419921875
4.42578125
4.2412109375
2.6875
0.7470703125
4.4560546875
10.572265625
2.2890625
4.404296875
21.63671875
5.20703125
26.81640625
3.52197265625
7.583984375
3.51953125
18.89453125
40.6376953125
11.70703125
21.6640625
16.8671875
19.984619140625
2.9296875
11.8046875
14.92578125
18.73046875
103.796875
6.4453125
5.984375
6.0390625
37.1328125
31.3984375
44.5859375
74.3515625
40.0546875
44.640625
76.1875
27.75
149.75
15.34375
2.6171875
89.09375
151.0
3.6875
77.15625
117.3984375
1.9104717807749694E-12
3.965716643961059E-12
3.6215475063272606E-12
5.667466496106499E-12
3.014921645672075E-12
5.139888514804625E-12
1.5099033134902129E-12
6.927791673660977E-12
3.055333763768431E-13
2.220446049250313E-13
63.96875
359.78125
31.90625
98.9375
361.3125
44.09375
23.4375
285.5
299.875
138.4375
684.875
25.0625
312.625
423.84375
158.75
93.75
84.3125
271.3125
926.65625
318.5625
4.424904886946024E-12
3.453237695794087E-12
6.1985971910872E-12
1.1040057756872718E-12
4.633626815575553E-12
4.39825953435502E-12
5.005773573429906E-12
4.9888981834556034E-12
7.836398197014205E-12
6.30961949354969E-12
1.667466165145015E-11
4.192202140984591E-12
8.785860927673639E-12
6.0325078266032506E-12
7.927880574243318E-12
2.0467183503569738E-11
5.6772364587232005E-12
9.302780767939112E-12
8.133937967613747E-12
2.255795550354378E-11
1.5489831639570184E-12
3.5417002663962194E-11
1.638511548662791E-11
1.978861519091879E-12
3.6507685763354154E-11
2.446398639222025E-11
2.9704239068451E-11
2.9913849175500218E-12
2.5419666371817584E-11
3.0539126782969106E-11
5.514522172234303E-11
6.715339395668707E-11
1.666222715357435E-11
5.229594535194337E-12
3.652189661806915E-11
3.856825969705824E-11
3.0986768706498796E-11
9.529799172014464E-11
7.673861546210743E-12
4.229860905979959E-11
1.865601007011719E-10
6.95195012667682E-11
7.153744263632691E-11
1.964650664376677E-10
1.6125056845339714E-10
6.167510946398E-11
7.243272648338461E-11
1.5990053725545295E-10
1.6270007563435436E-10
7.628386811120436E-11
1.9254042804561782E-13
2.4993895841873837E-13
2.4069635173873394E-13
4.028721800608537E-13
3.5471625636773764E-14
1.2995160503237457E-13
1.5279444376403717E-13
2.6018076582090544E-13
3.6187719487656977E-13
1.5246137685664962E-13
3.0871660783304833E-10
1.9056756173085887E-10
3.9270275919989217E-10
1.7615775504964404E-10
1.5074874681886286E-10
3.572608875401784E-11
2.2509993868879974E-11
1.3295675671542995E-10
2.1793766791233793E-10
3.239790657971753E-10
1.7621459846850485E-10
4.710045686806552E-10
2.496562956366688E-10
2.239630703115877E-11
3.0104274628683925E-10
6.161826604511589E-11
3.781224222620949E-10
5.7411853049416095E-11
3.512923285597935E-11
5.155129656486679E-10
1.1266365618212149E-10
5.51608536625281E-10
1.9758772396016866E-9
1.136072569352109E-9
8.197957868109967E-10
1.703028829069808E-10
1.799890014808625E-9
2.283627509314101E-9
2.1373125491663814E-10
9.870291250990704E-10
2.8967406251467764E-10
1.311946107307449E-10
1.3505996321327984E-9
4.420144250616431E-10
1.2150849215686321E-9
3.348304744577459E-9
1.6932517610257491E-9
1.1314114090055227E-9
1.1007159628206864E-9
1.936996341100894E-9
1.951775630004704E-9
2.420620148768675E-9
2.913111529778689E-9
4.679350240621716E-10
4.434696165844798E-9
3.4178810892626643E-9
2.0618244889192283E-9
4.1009116102941334E-9
1.3951648725200987E-9
4.300090949982405E-9
4.382854967843741E-9
3.6534402170218527E-9
2.2891981643658485E-9
8.871211321093142E-9
2.406522980891274E-9
8.74479155757381E-9
2.5374902179464698E-9
4.866706149186939E-9
3.3924152376130223E-10
1.578882802291356E-9
8.263668860308826E-9
1.2552845873869956E-8
1.9463186617940664E-9
9.995346772484481E-9
5.082256393534228E-9
7.828930392861366E-9
7.828930392969786E-9
6.442860467359424E-9
9.80253389581704E-9
9.864379535429603E-9
3.087916411459446E-8
3.452805685810745E-8
5.456968210637569E-10
4.081812221578586E-8
1.5170371625572443E-9
1.459193299524486E-8
1.7509591998532414E-8
1.7789716366678476E-9
2.707747626118362E-8
1.7691490938887E-8
6.079062586650252E-8
1.4217221178114414E-8
1.1664815247058868E-7
7.065682439133525E-8
4.8326910473406315E-8
4.418689059180331E-8
4.4696207623928785E-8
3.0995579436421394E-9
3.250897862017155E-8
3.587047103792429E-9
6.851041689515114E-8
4.543107934296131E-8
6.363552529367535E-8
6.298068910837173E-8
7.201742846518755E-8
6.84376573190093E-8
2.191518433392048E-8
7.882772480594102E-8
1.1439260561019521E-7
1.714215613971004E-7
3.995137554113626E-13
8.731904088676856E-14
4.804490139065365E-13
4.936051567483446E-13
4.71733763163229E-13
1.8146595337498184E-13
3.38673533661904E-13
3.8324898810060404E-13
7.291944825738028E-13
1.1290968160437842E-13
1.2491364032040948E-7
1.7267302612755664E-7
1.2881355360150337E-7
3.6432174965740605E-7
2.8667272999882698E-8
1.5972182154655457E-7
2.5416375137876385E-7
1.376611180672893E-7
4.391768015921116E-8
1.1871452443995567E-7
3.9581209421157837E-7
3.129243850708008E-7
4.371395334601402E-8
1.2631062418222427E-8
8.771894505210653E-8
3.306195139884949E-8
5.71482814848423E-7
2.7689384296536446E-7
3.037857823073864E-7
1.7549609765410423E-7
1.735752448439598E-7
8.306233212351799E-7
1.2281816452741623E-7
1.0504154488444328E-6
1.7334241420030594E-7
1.157284714281559E-6
8.284114301204681E-7
5.151377990841866E-7
2.3283064365386963E-7
1.3191020120650876E-6
1.4761462807655334E-6
2.2049061954030127E-6
3.494787961244583E-7
1.1827796697616577E-6
1.1874362826347351E-7
1.3045500963926315E-6
4.98257577419281E-8
1.0719522833824158E-6
2.2819731384515762E-6
1.9792933017015457E-6
5.812849849490265E-6
1.8579885363578796E-7
2.143438905477524E-6
2.619344744658747E-6
3.7439167499542236E-7
7.2503462433815E-7
1.294538378993071E-7
2.0344741678002265E-6
2.745073288679123E-6
5.587935447692871E-8
5.9586018323898315E-6
1.0095536850940334E-6
4.518777132034302E-6
9.736046223451922E-6
7.105991244316101E-7
1.6568228602409363E-6
5.281530320644379E-6
8.328817784786224E-6
2.952292561531067E-7
7.13393093043635E-7
8.029863238334656E-6
2.0289793610572815E-5
9.549781680107117E-6
8.625909742931981E-6
2.6971101760864258E-6
8.16583634843937E-6
4.6193599700927734E-6
2.7939677238464355E-7
1.0181218385696411E-5
2.2912397980690002E-5
5.479529522744997E-5
1.747533679008484E-5
1.753121659930912E-5
2.025812864303589E-5
1.7706304788589478E-5
7.40587711356433E-6
6.183981895446777E-7
8.903443813323975E-7
3.349408507347107E-5
3.138929605484009E-5
5.2638351917266846E-5
1.0460615339979995E-4
6.504356861114502E-5
6.696582022414077E-5
4.991890818928368E-6
9.237974882125854E-5
5.2481889724731445E-5
6.490200757980347E-5
3.4794211387634277E-6
6.648898124694824E-5
8.691847324371338E-5
6.160141856526025E-5
1.1160969734191895E-5
6.474554538726807E-5
1.119077205657959E-5
7.443130016326904E-5
6.568431854248047E-5
1.8717348939389922E-4
3.3229589462280273E-6
1.4156103134155273E-5
4.674038933671909E-13
1.6814327707947996E-12
5.969669203409467E-13
4.3165471197426086E-13
5.612177389480168E-13
1.2218004385999848E-12
6.878941860577474E-13
7.931433287922118E-13
5.117017920497346E-13
1.0140777106926182E-12
5.128979682922363E-5
1.9937753677368164E-4
3.1948089599609375E-5
1.3649463653564453E-5
3.326833248138428E-4
2.8502941131591797E-4
1.8137693405151367E-4
1.690387725830078E-4
1.6120076190873078E-4
1.316666603088379E-4
7.736682891845703E-5
2.014636993408203E-5
8.107423782348633E-4
1.938939094543457E-4
5.783438682556152E-4
1.3041499187238514E-4
5.025267601013184E-4
2.560615539550781E-4
5.292296409606934E-4
3.74913215637207E-5
5.795955657958984E-4
6.290674209594727E-4
1.709461212158203E-4
6.121397018432617E-4
0.0012540817260742188
0.0011867284774780273
8.789300918579102E-4
8.510351181030273E-4
3.4940242949232925E-4
8.296971209347248E-4
0.0051724910736083984
6.079673767089844E-4
6.694793701171875E-4
0.002061605453491211
0.0017080344259738922
0.0025482187047600746
6.21795654296875E-4
0.0026204586029052734
2.2029876708984375E-4
2.377033233642578E-4
0.003116607666015625
1.3256072998046875E-4
0.003796100616455078
0.003269679844379425
0.004991054534912109
0.001680377870798111
3.3521655132062733E-4
0.006223201751708984
0.005342006683349609
0.003145698457956314
0.008982658386230469
0.0034456253051757812
0.012333869934082031
9.49859619140625E-4
0.004503250180277973
0.0031461715698242188
0.004143714904785156
0.009998321533203125
0.014128684997558594
0.0016431808471679688
3.070835955440998E-4
0.020572662353515625
0.020509839057922363
0.012683868408203125
0.017591476440429688
0.00963592529296875
0.01464080810546875
0.00836193561553955
0.00138092041015625
5.378727801144123E-4
0.0362091064453125
0.01668931543827057
0.016334548592567444
0.018642425537109375
0.02050018310546875
0.039672851795330644
0.0125579833984375
0.03473663330078125
0.032176973298192024
0.007297992706298828
0.02629852294921875
0.0714569091796875
0.0208740234375
0.0997014045715332
0.064666748046875
0.013360977172851562
0.04996490478515625
0.0778961181640625
0.0016937255859375
0.09987640380859375
0.128326416015625
0.07968902587890625
0.136749267578125
0.1372680962085724
0.06488037109375
0.023284912109375
0.1336822514422238
0.19881057739257812
0.0767059326171875
0.0813751220703125
1.950439809661476E-12
2.589928271845565E-12
2.9620750296999176E-12
6.861178292183467E-14
1.1257661469699087E-12
3.2027713814386516E-12
1.7386092565630032E-13
3.417932603611007E-12
1.0391687510491465E-13
1.2803091919977305E-12
0.1526947021484375
0.300750732421875
0.21697998046875
0.157928466796875
0.1734619289636612
0.098388671875
0.265045166015625
0.007236495614051819
0.137847900390625
0.162841796875
0.37671661376953125
0.6397705078125
0.2613525390625
0.54376220703125
0.02978515625
0.20196580886840823
0.5618896484375
0.302490234375
0.81390380859375
0.10400390625
1.4605712890625
0.1536865234375
1.1361083984375
0.8990478515625
1.09228515625
0.0325927734375
0.7322998046875
1.7198486328125
1.5479736328125
0.7215576171875
2.18994140625
0.04590606689453125
0.214599609375
0.357177734375
0.14794921875
2.245849609375
1.048095703125
2.398681640625
1.3095703125
1.28515625
1.13232421875
0.150421142578125
3.494140625
4.39306640625
1.36767578125
0.42529296875
2.755889892578125
7.5146484375
0.24951171875
3.7568359375
1.4794921875
6.3974609375
8.7373046875
1.7412109375
4.3935546875
1.419921875
4.42578125
4.2412109375
2.6875
0.7470703125
4.4560546875
10.572265625
2.2890625
4.404296875
21.63671875
5.20703125
26.81640625
3.52197265625
7.583984375
3.51953125
18.89453125
40.6376953125
11.70703125
21.6640625
16.8671875
19.984619140625
2.9296875
11.8046875
14.92578125
18.73046875
103.796875
6.4453125
5.984375
6.0390625
37.1328125
31.3984375
44.5859375
74.3515625
40.0546875
44.640625
76.1875
27.75
149.75
15.34375
2.6171875
89.09375
151.0
3.6875
77.15625
117.3984375
1.9104717807749694E-12
3.965716643961059E-12
3.6215475063272606E-12
5.667466496106499E-12
3.014921645672075E-12
5.139888514804625E-12
1.5099033134902129E-12
6.927791673660977E-12
3.055333763768431E-13
2.220446049250313E-13
63.96875
359.78125
31.90625
98.9375
361.3125
44.09375
23.4375
285.5
299.875
138.4375
684.875
25.0625
312.625
423.84375
158.75
93.75
84.3125
271.3125
926.65625
318.5625
4.424904886946024E-12
3.453237695794087E-12
6.1985971910872E-12
1.1040057756872718E-12
4.633626815575553E-12
4.39825953435502E-12
5.005773573429906E-12
4.9888981834556034E-12
7.836398197014205E-12
6.30961949354969E-12
1.667466165145015E-11
4.192202140984591E-12
8.785860927673639E-12
6.0325078266032506E-12
7.927880574243318E-12
2.0467183503569738E-11
5.6772364587232005E-12
9.302780767939112E-12
8.133937967613747E-12
2.255795550354378E-11
1.5489831639570184E-12
3.5417002663962194E-11
1.638511548662791E-11
1.978861519091879E-12
3.6507685763354154E-11
2.446398639222025E-11
2.9704239068451E-11
2.9913849175500218E-12
2.5419666371817584E-11
3.0539126782969106E-11
5.514522172234303E-11
6.715339395668707E-11
1.666222715357435E-11
5.229594535194337E-12
3.652189661806915E-11
3.856825969705824E-11
3.0986768706498796E-11
9.529799172014464E-11
7.673861546210743E-12
4.229860905979959E-11
1.865601007011719E-10
6.95195012667682E-11
7.153744263632691E-11
1.964650664376677E-10
1.6125056845339714E-10
6.167510946398E-11
7.243272648338461E-11
1.5990053725545295E-10
1.6270007563435436E-10
7.628386811120436E-11
1.9254042804561782E-13
2.4993895841873837E-13
2.4069635173873394E-13
4.028721800608537E-13
3.5471625636773764E-14
1.2995160503237457E-13
1.5279444376403717E-13
2.6018076582090544E-13
3.6187719487656977E-13
1.5246137685664962E-13
3.0871660783304833E-10
1.9056756173085887E-10
3.9270275919989217E-10
1.7615775504964404E-10
1.5074874681886286E-10
3.572608875401784E-11
2.2509993868879974E-11
1.3295675671542995E-10
2.1793766791233793E-10
3.239790657971753E-10
1.7621459846850485E-10
4.710045686806552E-10
2.496562956366688E-10
2.239630703115877E-11
3.0104274628683925E-10
6.161826604511589E-11
3.781224222620949E-10
5.7411853049416095E-11
3.512923285597935E-11
5.155129656486679E-10
1.1266365618212149E-10
5.51608536625281E-10
1.9758772396016866E-9
1.136072569352109E-9
8.197957868109967E-10
1.703028829069808E-10
1.799890014808625E-9
2.283627509314101E-9
2.1373125491663814E-10
9.870291250990704E-10
2.8967406251467764E-10
1.311946107307449E-10
1.3505996321327984E-9
4.420144250616431E-10
1.2150849215686321E-9
3.348304744577459E-9
1.6932517610257491E-9
1.1314114090055227E-9
1.1007159628206864E-9
1.936996341100894E-9
1.951775630004704E-9
2.420620148768675E-9
2.913111529778689E-9
4.679350240621716E-10
4.434696165844798E-9
3.4178810892626643E-9
2.0618244889192283E-9
4.1009116102941334E-9
1.3951648725200987E-9
4.300090949982405E-9
4.382854967843741E-9
3.6534402170218527E-9
2.2891981643658485E-9
8.871211321093142E-9
2.406522980891274E-9
8.74479155757381E-9
2.5374902179464698E-9
4.866706149186939E-9
3.3924152376130223E-10
1.578882802291356E-9
8.263668860308826E-9
1.2552845873869956E-8
1.9463186617940664E-9
9.995346772484481E-9
5.082256393534228E-9
7.828930392861366E-9
7.828930392969786E-9
6.442860467359424E-9
9.80253389581704E-9
9.864379535429603E-9
3.087916411459446E-8
3.452805685810745E-8
5.456968210637569E-10
4.081812221578586E-8
1.5170371625572443E-9
1.459193299524486E-8
1.7509591998532414E-8
1.7789716366678476E-9
2.707747626118362E-8
1.7691490938887E-8
6.079062586650252E-8
1.4217221178114414E-8
1.1664815247058868E-7
7.065682439133525E-8
4.8326910473406315E-8
4.418689059180331E-8
4.4696207623928785E-8
3.0995579436421394E-9
3.250897862017155E-8
3.587047103792429E-9
6.851041689515114E-8
4.543107934296131E-8
6.363552529367535E-8
6.298068910837173E-8
7.201742846518755E-8
6.84376573190093E-8
2.191518433392048E-8
7.882772480594102E-8
1.1439260561019521E-7
1.714215613971004E-7
3.995137554113626E-13
8.731904088676856E-14
4.804490139065365E-13
4.936051567483446E-13
4.71733763163229E-13
1.8146595337498184E-13
3.38673533661904E-13
3.8324898810060404E-13
7.291944825738028E-13
1.1290968160437842E-13
1.2491364032040948E-7
1.7267302612755664E-7
1.2881355360150337E-7
3.6432174965740605E-7
2.8667272999882698E-8
1.5972182154655457E-7
2.5416375137876385E-7
1.376611180672893E-7
4.391768015921116E-8
1.1871452443995567E-7
3.9581209421157837E-7
3.129243850708008E-7
4.371395334601402E-8
1.2631062418222427E-8
8.771894505210653E-8
3.306195139884949E-8
5.71482814848423E-7
2.7689384296536446E-7
3.037857823073864E-7
1.7549609765410423E-7
1.735752448439598E-7
8.306233212351799E-7
1.2281816452741623E-7
1.0504154488444328E-6
1.7334241420030594E-7
1.157284714281559E-6
8.284114301204681E-7
5.151377990841866E-7
2.3283064365386963E-7
1.3191020120650876E-6
1.4761462807655334E-6
2.2049061954030127E-6
3.494787961244583E-7
1.1827796697616577E-6
1.1874362826347351E-7
1.3045500963926315E-6
4.98257577419281E-8
1.0719522833824158E-6
2.2819731384515762E-6
1.9792933017015457E-6
5.812849849490265E-6
1.8579885363578796E-7
2.143438905477524E-6
2.619344744658747E-6
3.7439167499542236E-7
7.2503462433815E-7
1.294538378993071E-7
2.0344741678002265E-6
2.745073288679123E-6
5.587935447692871E-8
5.9586018323898315E-6
1.0095536850940334E-6
4.518777132034302E-6
9.736046223451922E-6
7.105991244316101E-7
1.6568228602409363E-6
5.281530320644379E-6
8.328817784786224E-6
2.952292561531067E-7
7.13393093043635E-7
8.029863238334656E-6
2.0289793610572815E-5
9.549781680107117E-6
8.625909742931981E-6
2.6971101760864258E-6
8.16583634843937E-6
4.6193599700927734E-6
2.7939677238464355E-7
1.0181218385696411E-5
2.2912397980690002E-5
5.479529522744997E-5
1.747533679008484E-5
1.753121659930912E-5
2.025812864303589E-5
1.7706304788589478E-5
7.40587711356433E-6
6.183981895446777E-7
8.903443813323975E-7
3.349408507347107E-5
3.138929605484009E-5
5.2638351917266846E-5
1.0460615339979995E-4
6.504356861114502E-5
6.696582022414077E-5
4.991890818928368E-6
9.237974882125854E-5
5.2481889724731445E-5
6.490200757980347E-5
3.4794211387634277E-6
6.648898124694824E-5
8.691847324371338E-5
6.160141856526025E-5
1.1160969734191895E-5
6.474554538726807E-5
1.119077205657959E-5
7.443130016326904E-5
6.568431854248047E-5
1.8717348939389922E-4
3.3229589462280273E-6
1.4156103134155273E-5
4.674038933671909E-13
1.6814327707947996E-12
5.969669203409467E-13
4.3165471197426086E-13
5.612177389480168E-13
1.2218004385999848E-12
6.878941860577474E-13
7.931433287922118E-13
5.117017920497346E-13
1.0140777106926182E-12
5.128979682922363E-5
1.9937753677368164E-4
3.1948089599609375E-5
1.3649463653564453E-5
3.326833248138428E-4
2.8502941131591797E-4
1.8137693405151367E-4
1.690387725830078E-4
1.6120076190873078E-4
1.316666603088379E-4
7.736682891845703E-5
2.014636993408203E-5
8.107423782348633E-4
1.938939094543457E-4
5.783438682556152E-4
1.3041499187238514E-4
5.025267601013184E-4
2.560615539550781E-4
5.292296409606934E-4
3.74913215637207E-5
5.795955657958984E-4
6.290674209594727E-4
1.709461212158203E-4
6.121397018432617E-4
0.0012540817260742188
0.0011867284774780273
8.789300918579102E-4
8.510351181030273E-4
3.4940242949232925E-4
8.296971209347248E-4
0.0051724910736083984
6.079673767089844E-4
6.694793701171875E-4
0.002061605453491211
0.0017080344259738922
0.0025482187047600746
6.21795654296875E-4
0.0026204586029052734
2.2029876708984375E-4
2.377033233642578E-4
0.003116607666015625
1.3256072998046875E-4
0.003796100616455078
0.003269679844379425
0.004991054534912109
0.001680377870798111
3.3521655132062733E-4
0.006223201751708984
0.005342006683349609
0.003145698457956314
0.008982658386230469
0.0034456253051757812
0.012333869934082031
9.49859619140625E-4
0.004503250180277973
0.0031461715698242188
0.004143714904785156
0.009998321533203125
0.014128684997558594
0.0016431808471679688
3.070835955440998E-4
0.020572662353515625
0.020509839057922363
0.012683868408203125
0.017591476440429688
0.00963592529296875
0.01464080810546875
0.00836193561553955
0.00138092041015625
5.378727801144123E-4
0.0362091064453125
0.01668931543827057
0.016334548592567444
0.018642425537109375
0.02050018310546875
0.039672851795330644
0.0125579833984375
0.03473663330078125
0.032176973298192024
0.007297992706298828
0.02629852294921875
0.0714569091796875
0.0208740234375
0.0997014045715332
0.064666748046875
0.013360977172851562
0.04996490478515625
0.0778961181640625
0.0016937255859375
0.09987640380859375
0.128326416015625
0.07968902587890625
0.136749267578125
0.1372680962085724
0.06488037109375
0.023284912109375
0.1336822514422238
0.19881057739257812
0.0767059326171875
0.0813751220703125
1.950439809661476E-12
2.589928271845565E-12
2.9620750296999176E-12
6.861178292183467E-14
1.1257661469699087E-12
3.2027713814386516E-12
1.7386092565630032E-13
3.417932603611007E-12
1.0391687510491465E-13
1.2803091919977305E-12
0.1526947021484375
0.300750732421875
0.21697998046875
0.157928466796875
0.1734619289636612
0.098388671875
0.265045166015625
0.007236495614051819
0.137847900390625
0.162841796875
0.37671661376953125
0.6397705078125
0.2613525390625
0.54376220703125
0.02978515625
0.20196580886840823
0.5618896484375
0.302490234375
0.81390380859375
0.10400390625
1.4605712890625
0.1536865234375
1.1361083984375
0.8990478515625
1.09228515625
0.0325927734375
0.7322998046875
1.7198486328125
1.5479736328125
0.7215576171875
2.18994140625
0.04590606689453125
0.214599609375
0.357177734375
0.14794921875
2.245849609375
1.048095703125
2.398681640625
1.3095703125
1.28515625
1.13232421875
0.150421142578125
3.494140625
4.39306640625
1.36767578125
0.42529296875
2.755889892578125
7.5146484375
0.24951171875
3.7568359375
1.4794921875
6.3974609375
8.7373046875
1.7412109375
4.3935546875
1.419921875
4.42578125
4.2412109375
2.6875
0.7470703125
4.4560546875
10.572265625
2.2890625
4.404296875
21.63671875
5.20703125
26.81640625
3.52197265625
7.583984375
3.51953125
18.89453125
40.6376953125
11.70703125
21.6640625
16.8671875
19.984619140625
2.9296875
11.8046875
14.92578125
18.73046875
103.796875
6.4453125
5.984375
6.0390625
37.1328125
31.3984375
44.5859375
74.3515625
40.0546875
44.640625
76.1875
27.75
149.75
15.34375
2.6171875
89.09375
151.0
3.6875
77.15625
117.3984375
1.9104717807749694E-12
3.965716643961059E-12
3.6215475063272606E-12
5.667466496106499E-12
3.014921645672075E-12
5.139888514804625E-12
1.5099033134902129E-12
6.927791673660977E-12
3.055333763768431E-13
2.220446049250313E-13
63.96875
359.78125
31.90625
98.9375
361.3125
44.09375
23.4375
285.5
299.875
138.4375
684.875
25.0625
312.625
423.84375
158.75
93.75
84.3125
271.3125
926.65625
318.5625
4.424904886946024E-12
3.453237695794087E-12
6.1985971910872E-12
1.1040057756872718E-12
4.633626815575553E-12
4.39825953435502E-12
5.005773573429906E-12
4.9888981834556034E-12
7.836398197014205E-12
6.30961949354969E-12
1.667466165145015E-11
4.192202140984591E-12
8.785860927673639E-12
6.0325078266032506E-12
7.927880574243318E-12
2.0467183503569738E-11
5.6772364587232005E-12
9.302780767939112E-12
8.133937967613747E-12
2.255795550354378E-11
1.5489831639570184E-12
3.5417002663962194E-11
1.638511548662791E-11
1.978861519091879E-12
3.6507685763354154E-11
2.446398639222025E-11
2.9704239068451E-11
2.9913849175500218E-12
2.5419666371817584E-11
3.0539126782969106E-11
5.514522172234303E-11
6.715339395668707E-11
1.666222715357435E-11
5.229594535194337E-12
3.652189661806915E-11
3.856825969705824E-11
3.0986768706498796E-11
9.529799172014464E-11
7.673861546210743E-12
4.229860905979959E-11
1.865601007011719E-10
6.95195012667682E-11
7.153744263632691E-11
1.964650664376677E-10
1.6125056845339714E-10
6.167510946398E-11
7.243272648338461E-11
1.5990053725545295E-10
1.6270007563435436E-10
7.628386811120436E-11
