4.2854608750531055E-14
4.134748099460239E-13
1.1410317135585046E-13
2.015054789694659E-14
2.441380431150719E-13
2.550737399076297E-14
5.057065877167588E-14
1.7505441540777156E-13
2.2148949341271873E-14
1.4432899320127035E-13
5.4996007747831754E-11
2.746105565165635E-10
2.8677504815277644E-11
2.0096990738238674E-10
1.4063061826165226E-10
1.8633272702572878E-10
1.680007244431181E-10
2.0946799850207753E-10
2.466720161464764E-10
3.6359892874315847E-10
2.7256419343757443E-10
3.7186964618740603E-10
5.885567588848331E-10
5.611582309938967E-10
4.774278750119265E-10
1.5404566511278972E-11
2.935962584160734E-10
2.645492713783064E-10
7.554490366602444E-10
3.786908564508089E-10
1.070930011337623E-9
8.815277396934107E-10
7.354401532213461E-10
1.453145159757696E-9
1.6132162272697315E-10
1.4548504623235203E-9
7.294147508218951E-10
2.5139570425385188E-9
5.278479875415691E-10
5.298943506204523E-10
4.822595656150952E-10
5.909441824769601E-10
4.615685611497611E-10
2.2157564671959905E-9
2.7353053155820817E-10
1.5936620911816135E-9
1.9308572518639266E-9
3.5561242839321494E-10
7.080416253302246E-10
1.2078089639544487E-9
1.044554664986208E-9
1.0272742656525224E-9
6.971276889089495E-10
2.607066562635487E-9
1.3565113476951695E-9
1.2746568245347854E-9
4.394678398966789E-9
3.4856384445447475E-9
4.343291948323395E-9
3.2719071896281093E-9
4.6566128730773926E-10
2.575688995448038E-9
5.971742211841047E-9
2.964952727779746E-10
1.0020812624134123E-8
2.6839188649319112E-9
1.3797034625895321E-9
3.301465767469611E-10
1.1677002476069402E-8
4.853973223389223E-9
6.151822162792087E-9
8.00719135440886E-9
2.571687218733132E-8
4.7202775022014976E-9
8.694769348949194E-10
9.322320693172514E-9
2.8594513423740864E-9
1.1550582712624609E-8
1.3224052963786847E-9
1.3453245628625154E-8
4.090907168585473E-8
1.5170371625572443E-9
3.1795934776149976E-9
3.790773916989565E-9
7.101334631443024E-9
2.586602931842208E-9
1.1859810911390035E-9
1.713488018183565E-8
1.0208168532702735E-8
2.2773747332394123E-9
4.074536264159559E-9
5.098991096106481E-8
3.506283974274993E-8
1.3224780559713267E-7
3.391323843970895E-8
7.625931175425649E-8
1.639273250475526E-8
5.8287696447223425E-8
9.036739356815815E-9
1.4544639270752668E-8
1.209409674629569E-7
1.607986632734537E-8
1.2695090845227242E-7
3.204331733286381E-8
1.1088559404015541E-8
1.3461976777762175E-7
6.335903890430927E-8
1.2767850421371786E-7
4.292814992395326E-9
8.95961420610547E-8
7.2553074659254E-13
4.430344979766687E-13
6.40099084847634E-13
7.682743330406083E-13
4.4259040876681865E-13
1.8579582317101995E-13
2.619571226603057E-13
9.366951658762446E-13
2.9320990080350384E-13
4.2704728642206646E-13
2.1629966796832267E-7
7.59901013225317E-8
2.0617153495550156E-7
3.440072759985924E-8
1.0424992069602013E-7
4.43833414465189E-8
8.285860531032085E-8
1.7724232748150826E-8
3.798049874603748E-8
2.8713839128624314E-7
4.3603358791666214E-7
5.962210707366467E-7
3.3527612686157227E-8
5.762558430433273E-8
2.596061676740649E-8
2.547167241573334E-7
3.119930624961853E-8
4.3655745685100555E-8
1.885928213596344E-7
1.169973984404063E-8
1.930282451212406E-6
6.256159394979477E-7
1.5362165868282318E-6
3.143213690888491E-8
1.1918600650862032E-6
5.874317139387131E-7
7.055932655930519E-7
8.66129994392395E-7
7.695052777201283E-7
1.4653196558356285E-6
7.776543498039246E-8
1.0991934686899185E-6
1.5762634576060863E-7
3.1534582376480103E-6
2.384185791015625E-7
1.2353993952274323E-6
7.543712854385387E-8
4.1979365050792694E-7
3.1504314410568668E-6
3.8871075958013535E-6
4.516448825625519E-6
3.260094672469238E-6
2.3050233721733093E-6
2.0260922610759735E-6
4.5574270197690225E-6
6.156042218208313E-6
2.9741786455872443E-6
2.1886080547872666E-7
4.200264811515808E-6
1.3411045074809835E-7
2.4285782274091616E-9
5.03100456228367E-6
8.548609912395477E-6
7.230788469314575E-6
1.2197531759738922E-5
3.3061951398849487E-7
2.477318048477173E-7
2.561137080192566E-7
2.321787178516388E-6
2.7839632821269333E-9
1.8553808331489563E-5
2.4177134321234917E-6
8.966773748397827E-6
1.2442469596862793E-6
1.296401023864746E-6
5.159527067810643E-7
2.9144808650016785E-5
1.6286969184875488E-5
1.4901161193847656E-6
1.8421560525894165E-6
1.7993152141571045E-5
5.5283308029174805E-5
2.6226043701171875E-6
1.909211323436466E-5
6.075948478567739E-6
9.834766387939453E-6
3.3289194107055664E-5
1.8458813428878784E-5
2.47173011302948E-5
2.146512269973755E-5
2.319365921721328E-5
6.303191184997559E-6
1.179724931716919E-4
2.6881694793701172E-5
6.75469639190851E-5
6.648153066635132E-5
1.4789402712267474E-5
5.535781383514404E-6
4.902482032775879E-5
1.6987323832040602E-6
8.255243301391602E-6
3.4123659418128227E-6
1.8641352653503418E-5
6.645917892456055E-5
2.756565809249878E-4
6.937980651855469E-5
1.1548399925231934E-5
2.0304322242736816E-4
1.389831304550171E-4
3.4675002098083496E-5
1.1723955140041653E-13
1.5065726444163376E-12
5.936362512670716E-13
6.66577903984944E-13
1.8895995879120164E-13
5.657696533489798E-13
2.255973186038318E-13
2.9254376698872915E-13
1.1994849558050191E-12
3.126388037344441E-13
1.3220313121564686E-4
1.3595819484635285E-4
1.424252986907959E-4
1.748204231262207E-4
1.3440847396850586E-5
1.5068057109601796E-4
2.601444721221924E-4
1.9103288650512695E-5
1.676082902122289E-4
3.880262568145554E-5
4.115104820812121E-4
1.76489353634679E-4
3.6656856536865234E-5
1.1926889419555664E-4
5.716085433959961E-5
2.956390380859375E-5
4.4834613851207905E-4
2.9337406158447266E-4
4.4059753463443485E-4
2.8526794631034136E-4
0.0013480186462402344
0.0012061595916748047
6.817583926022053E-4
2.8848706278949976E-5
8.618831634521484E-5
7.432699203491211E-4
3.4880638304457534E-4
2.0754337310791016E-4
3.1197117641568184E-4
5.853185448359E-4
0.002038717269897461
0.001766204833984375
0.00128173828125
5.958080291748047E-4
6.7901611328125E-4
0.0013370513916015625
1.18255615234375E-4
0.001073598861694336
0.0018942360766232014
2.4390220642089844E-4
0.0015730857849121094
0.004746913909912109
0.004143238067626953
0.0021791458129882812
0.0014352803154906724
2.5320425629615784E-4
0.0031914710998535156
1.4400482177734375E-4
4.1389468242414296E-4
0.0025086402893066406
0.015164375305175781
0.007416725158691406
0.0031595230102539062
7.810592651367188E-4
2.5653839111328125E-4
0.004597663879394531
3.185272216796875E-4
0.0046634674072265625
0.0036869050236418843
0.004082679748535156
0.0029296875
0.0028553009033203125
7.648468017578125E-4
4.119873046875E-4
0.01603710651397705
0.01415252685546875
4.1390955448150635E-4
8.526444435119629E-4
0.006380200386047363
4.8065185546875E-4
0.01675415225327015
0.023464441299438477
0.0166473388671875
0.018276214599609375
0.006206512451171875
0.02164483070373535
0.034088134765625
0.01161194033920765
0.016643524169921875
0.030078887939453125
0.03934478759765625
0.010240554809570312
0.0469132661819458
0.007598876953125
0.0376434326171875
0.0403594970703125
0.00193023681640625
0.0416259765625
0.0019073486328125
0.00269317626953125
0.008056640625
0.1102447509765625
0.113922119140625
0.0040743350982666016
0.09337043762207031
0.09911346435546875
0.03411865234375
0.106475830078125
0.0878753662109375
0.01568603515625
3.9257486150745535E-13
4.0389913635863195E-13
4.0611958240788226E-13
8.615330671091255E-14
6.328271240363392E-14
5.255795798575499E-13
4.9471537977297E-13
2.679856336840203E-12
2.1103119252074976E-12
1.2376766278521245E-12
0.14306640625
0.070526123046875
0.08596813678741455
0.25665283203125
0.00726318359375
0.00738525390625
0.04693603515625
0.132080078125
0.201171875
0.0240478515625
0.1533203125
0.38958740234375
0.4940185546875
0.51104736328125
0.7677001953125
0.0916748046875
1.20947265625
0.279388427734375
0.27850341796875
0.06304931640625
0.02178955078125
0.8841552734375
1.1856689453125
1.185791015625
0.030517578125
0.6900634765625
0.3121340274810791
0.3431396484375
0.04150581359863281
0.1094970703125
0.31494140625
1.1875076293945312
0.1904296875
0.38696300983428955
0.751708984375
0.726806640625
1.676025390625
2.57568359375
1.56201171875
1.421875
1.2236366271972656
3.83642578125
2.7646484375
4.44873046875
0.096710205078125
4.328643798828125
0.61865234375
2.74072265625
7.2470703125
5.072265625
4.5205078125
0.33984375
2.9208984375
10.203126907348633
0.2218017578125
11.177734375
4.3291015625
6.4833984375
10.6925048828125
10.7392578125
0.483642578125
21.232421875
15.130859375
1.931640625
5.5302734375
17.62109375
31.03125
10.724609375
1.255859375
20.35546875
32.154296875
7.328125
16.953125
75.5
5.62109375
17.38671875
22.828125
26.98828125
1.46875
16.86328125
17.65625
37.892578125
77.0859375
3.8984375
23.9921875
57.015625
70.0
47.5859375
17.8046875
4.71875
77.640625
219.96875
114.390625
131.859375
99.2890625
16.125
16.40625
92.328125
96.578125
15.1875
2.5210944443188055E-12
5.607514452776741E-12
5.385025758641859E-12
3.0824232055692846E-12
4.725109192804666E-13
4.723776925175116E-12
5.848654893725325E-13
1.9171331189227203E-12
5.257572155414891E-12
2.0694557179012918E-12
7.1875
9.59375
10.375
6.0078125
199.0
82.625
162.4375
236.5
137.9453125
8.9375
49.5625
148.0
88.5625
31.8125
67.875
194.3125
332.625
613.0
295.8125
154.5
1.0018652574217438E-11
9.968914582714206E-12
6.441069899665308E-12
4.6629367034256575E-12
4.080291660102375E-12
3.846700735721255E-12
8.118838934478845E-12
9.280576307446609E-12
4.7624126864320715E-12
2.3856472353145493E-12
2.815525590449397E-12
1.858424525380542E-11
1.5969447986208252E-11
2.864730674900784E-11
1.804778548830675E-11
1.6282086789942696E-11
2.063060833279451E-11
8.951062113737869E-12
8.565592679588008E-12
1.1445067116255917E-11
5.111999712426041E-11
3.2663649562891806E-11
2.6759039428725373E-11
3.370459467078035E-11
3.1249669518729206E-11
4.722622293229506E-11
2.149391775674303E-12
2.306066448909405E-11
2.146904876099184E-11
1.0579981335468099E-11
3.4354741274000844E-11
6.676259545201984E-11
5.866951369171147E-11
3.438316298343125E-11
2.405187160548022E-11
1.9539925233402755E-11
1.2967404927621828E-11
6.087219617256778E-11
7.501910204155138E-11
9.404743650520686E-11
2.2366464236256434E-10
1.1890222140209517E-10
1.3393730569077889E-10
8.071765478234738E-11
1.4480860954790868E-11
4.446576440386707E-11
3.33528760165791E-11
6.79847289575297E-11
1.5994316981959855E-10
6.815525921410881E-11
4.2854608750531055E-14
4.134748099460239E-13
1.1410317135585046E-13
2.015054789694659E-14
2.441380431150719E-13
2.550737399076297E-14
5.057065877167588E-14
1.7505441540777156E-13
2.2148949341271873E-14
1.4432899320127035E-13
5.4996007747831754E-11
2.746105565165635E-10
2.8677504815277644E-11
2.0096990738238674E-10
1.4063061826165226E-10
1.8633272702572878E-10
1.680007244431181E-10
2.0946799850207753E-10
2.466720161464764E-10
3.6359892874315847E-10
2.7256419343757443E-10
3.7186964618740603E-10
5.885567588848331E-10
5.611582309938967E-10
4.774278750119265E-10
1.5404566511278972E-11
2.935962584160734E-10
2.645492713783064E-10
7.554490366602444E-10
3.786908564508089E-10
1.070930011337623E-9
8.815277396934107E-10
7.354401532213461E-10
1.453145159757696E-9
1.6132162272697315E-10
1.4548504623235203E-9
7.294147508218951E-10
2.5139570425385188E-9
5.278479875415691E-10
5.298943506204523E-10
4.822595656150952E-10
5.909441824769601E-10
4.615685611497611E-10
2.2157564671959905E-9
2.7353053155820817E-10
1.5936620911816135E-9
1.9308572518639266E-9
3.5561242839321494E-10
7.080416253302246E-10
1.2078089639544487E-9
1.044554664986208E-9
1.0272742656525224E-9
6.971276889089495E-10
2.607066562635487E-9
1.3565113476951695E-9
1.2746568245347854E-9
4.394678398966789E-9
3.4856384445447475E-9
4.343291948323395E-9
3.2719071896281093E-9
4.6566128730773926E-10
2.575688995448038E-9
5.971742211841047E-9
2.964952727779746E-10
1.0020812624134123E-8
2.6839188649319112E-9
1.3797034625895321E-9
3.301465767469611E-10
1.1677002476069402E-8
4.853973223389223E-9
6.151822162792087E-9
8.00719135440886E-9
2.571687218733132E-8
4.7202775022014976E-9
8.694769348949194E-10
9.322320693172514E-9
2.8594513423740864E-9
1.1550582712624609E-8
1.3224052963786847E-9
1.3453245628625154E-8
4.090907168585473E-8
1.5170371625572443E-9
3.1795934776149976E-9
3.790773916989565E-9
7.101334631443024E-9
2.586602931842208E-9
1.1859810911390035E-9
1.713488018183565E-8
1.0208168532702735E-8
2.2773747332394123E-9
4.074536264159559E-9
5.098991096106481E-8
3.506283974274993E-8
1.3224780559713267E-7
3.391323843970895E-8
7.625931175425649E-8
1.639273250475526E-8
5.8287696447223425E-8
9.036739356815815E-9
1.4544639270752668E-8
1.209409674629569E-7
1.607986632734537E-8
1.2695090845227242E-7
3.204331733286381E-8
1.1088559404015541E-8
1.3461976777762175E-7
6.335903890430927E-8
1.2767850421371786E-7
4.292814992395326E-9
8.95961420610547E-8
7.2553074659254E-13
4.430344979766687E-13
6.40099084847634E-13
7.682743330406083E-13
4.4259040876681865E-13
1.8579582317101995E-13
2.619571226603057E-13
9.366951658762446E-13
2.9320990080350384E-13
4.2704728642206646E-13
2.1629966796832267E-7
7.59901013225317E-8
2.0617153495550156E-7
3.440072759985924E-8
1.0424992069602013E-7
4.43833414465189E-8
8.285860531032085E-8
1.7724232748150826E-8
3.798049874603748E-8
2.8713839128624314E-7
4.3603358791666214E-7
5.962210707366467E-7
3.3527612686157227E-8
5.762558430433273E-8
2.596061676740649E-8
2.547167241573334E-7
3.119930624961853E-8
4.3655745685100555E-8
1.885928213596344E-7
1.169973984404063E-8
1.930282451212406E-6
6.256159394979477E-7
1.5362165868282318E-6
3.143213690888491E-8
1.1918600650862032E-6
5.874317139387131E-7
7.055932655930519E-7
8.66129994392395E-7
7.695052777201283E-7
1.4653196558356285E-6
7.776543498039246E-8
1.0991934686899185E-6
1.5762634576060863E-7
3.1534582376480103E-6
2.384185791015625E-7
1.2353993952274323E-6
7.543712854385387E-8
4.1979365050792694E-7
3.1504314410568668E-6
3.8871075958013535E-6
4.516448825625519E-6
3.260094672469238E-6
2.3050233721733093E-6
2.0260922610759735E-6
4.5574270197690225E-6
6.156042218208313E-6
2.9741786455872443E-6
2.1886080547872666E-7
4.200264811515808E-6
1.3411045074809835E-7
2.4285782274091616E-9
5.03100456228367E-6
8.548609912395477E-6
7.230788469314575E-6
1.2197531759738922E-5
3.3061951398849487E-7
2.477318048477173E-7
2.561137080192566E-7
2.321787178516388E-6
2.7839632821269333E-9
1.8553808331489563E-5
2.4177134321234917E-6
8.966773748397827E-6
1.2442469596862793E-6
1.296401023864746E-6
5.159527067810643E-7
2.9144808650016785E-5
1.6286969184875488E-5
1.4901161193847656E-6
1.8421560525894165E-6
1.7993152141571045E-5
5.5283308029174805E-5
2.6226043701171875E-6
1.909211323436466E-5
6.075948478567739E-6
9.834766387939453E-6
3.3289194107055664E-5
1.8458813428878784E-5
2.47173011302948E-5
2.146512269973755E-5
2.319365921721328E-5
6.303191184997559E-6
1.179724931716919E-4
2.6881694793701172E-5
6.75469639190851E-5
6.648153066635132E-5
1.4789402712267474E-5
5.535781383514404E-6
4.902482032775879E-5
1.6987323832040602E-6
8.255243301391602E-6
3.4123659418128227E-6
1.8641352653503418E-5
6.645917892456055E-5
2.756565809249878E-4
6.937980651855469E-5
1.1548399925231934E-5
2.0304322242736816E-4
1.389831304550171E-4
3.4675002098083496E-5
1.1723955140041653E-13
1.5065726444163376E-12
5.936362512670716E-13
6.66577903984944E-13
1.8895995879120164E-13
5.657696533489798E-13
2.255973186038318E-13
2.9254376698872915E-13
1.1994849558050191E-12
3.126388037344441E-13
1.3220313121564686E-4
1.3595819484635285E-4
1.424252986907959E-4
1.748204231262207E-4
1.3440847396850586E-5
1.5068057109601796E-4
2.601444721221924E-4
1.9103288650512695E-5
1.676082902122289E-4
3.880262568145554E-5
4.115104820812121E-4
1.76489353634679E-4
3.6656856536865234E-5
1.1926889419555664E-4
5.716085433959961E-5
2.956390380859375E-5
4.4834613851207905E-4
2.9337406158447266E-4
4.4059753463443485E-4
2.8526794631034136E-4
0.0013480186462402344
0.0012061595916748047
6.817583926022053E-4
2.8848706278949976E-5
8.618831634521484E-5
7.432699203491211E-4
3.4880638304457534E-4
2.0754337310791016E-4
3.1197117641568184E-4
5.853185448359E-4
0.002038717269897461
0.001766204833984375
0.00128173828125
5.958080291748047E-4
6.7901611328125E-4
0.0013370513916015625
1.18255615234375E-4
0.001073598861694336
0.0018942360766232014
2.4390220642089844E-4
0.0015730857849121094
0.004746913909912109
0.004143238067626953
0.0021791458129882812
0.0014352803154906724
2.5320425629615784E-4
0.0031914710998535156
1.4400482177734375E-4
4.1389468242414296E-4
0.0025086402893066406
0.015164375305175781
0.007416725158691406
0.0031595230102539062
7.810592651367188E-4
2.5653839111328125E-4
0.004597663879394531
3.185272216796875E-4
0.0046634674072265625
0.0036869050236418843
0.004082679748535156
0.0029296875
0.0028553009033203125
7.648468017578125E-4
4.119873046875E-4
0.01603710651397705
0.01415252685546875
4.1390955448150635E-4
8.526444435119629E-4
0.006380200386047363
4.8065185546875E-4
0.01675415225327015
0.023464441299438477
0.0166473388671875
0.018276214599609375
0.006206512451171875
0.02164483070373535
0.034088134765625
0.01161194033920765
0.016643524169921875
0.030078887939453125
0.03934478759765625
0.010240554809570312
0.0469132661819458
0.007598876953125
0.0376434326171875
0.0403594970703125
0.00193023681640625
0.0416259765625
0.0019073486328125
0.00269317626953125
0.008056640625
0.1102447509765625
0.113922119140625
0.0040743350982666016
0.09337043762207031
0.09911346435546875
0.03411865234375
0.106475830078125
0.0878753662109375
0.01568603515625
3.9257486150745535E-13
4.0389913635863195E-13
4.0611958240788226E-13
8.615330671091255E-14
6.328271240363392E-14
5.255795798575499E-13
4.9471537977297E-13
2.679856336840203E-12
2.1103119252074976E-12
1.2376766278521245E-12
0.14306640625
0.070526123046875
0.08596813678741455
0.25665283203125
0.00726318359375
0.00738525390625
0.04693603515625
0.132080078125
0.201171875
0.0240478515625
0.1533203125
0.38958740234375
0.4940185546875
0.51104736328125
0.7677001953125
0.0916748046875
1.20947265625
0.279388427734375
0.27850341796875
0.06304931640625
0.02178955078125
0.8841552734375
1.1856689453125
1.185791015625
0.030517578125
0.6900634765625
0.3121340274810791
0.3431396484375
0.04150581359863281
0.1094970703125
0.31494140625
1.1875076293945312
0.1904296875
0.38696300983428955
0.751708984375
0.726806640625
1.676025390625
2.57568359375
1.56201171875
1.421875
1.2236366271972656
3.83642578125
2.7646484375
4.44873046875
0.096710205078125
4.328643798828125
0.61865234375
2.74072265625
7.2470703125
5.072265625
4.5205078125
0.33984375
2.9208984375
10.203126907348633
0.2218017578125
11.177734375
4.3291015625
6.4833984375
10.6925048828125
10.7392578125
0.483642578125
21.232421875
15.130859375
1.931640625
5.5302734375
17.62109375
31.03125
10.724609375
1.255859375
20.35546875
32.154296875
7.328125
16.953125
75.5
5.62109375
17.38671875
22.828125
26.98828125
1.46875
16.86328125
17.65625
37.892578125
77.0859375
3.8984375
23.9921875
57.015625
70.0
47.5859375
17.8046875
4.71875
77.640625
219.96875
114.390625
131.859375
99.2890625
16.125
16.40625
92.328125
96.578125
15.1875
2.5210944443188055E-12
5.607514452776741E-12
5.385025758641859E-12
3.0824232055692846E-12
4.725109192804666E-13
4.723776925175116E-12
5.848654893725325E-13
1.9171331189227203E-12
5.257572155414891E-12
2.0694557179012918E-12
7.1875
9.59375
10.375
6.0078125
199.0
82.625
162.4375
236.5
137.9453125
8.9375
49.5625
148.0
88.5625
31.8125
67.875
194.3125
332.625
613.0
295.8125
154.5
1.0018652574217438E-11
9.968914582714206E-12
6.441069899665308E-12
4.6629367034256575E-12
4.080291660102375E-12
3.846700735721255E-12
8.118838934478845E-12
9.280576307446609E-12
4.7624126864320715E-12
2.3856472353145493E-12
2.815525590449397E-12
1.858424525380542E-11
1.5969447986208252E-11
2.864730674900784E-11
1.804778548830675E-11
1.6282086789942696E-11
2.063060833279451E-11
8.951062113737869E-12
8.565592679588008E-12
1.1445067116255917E-11
5.111999712426041E-11
3.2663649562891806E-11
2.6759039428725373E-11
3.370459467078035E-11
3.1249669518729206E-11
4.722622293229506E-11
2.149391775674303E-12
2.306066448909405E-11
2.146904876099184E-11
1.0579981335468099E-11
3.4354741274000844E-11
6.676259545201984E-11
5.866951369171147E-11
3.438316298343125E-11
2.405187160548022E-11
1.9539925233402755E-11
1.2967404927621828E-11
6.087219617256778E-11
7.501910204155138E-11
9.404743650520686E-11
2.2366464236256434E-10
1.1890222140209517E-10
1.3393730569077889E-10
8.071765478234738E-11
1.4480860954790868E-11
4.446576440386707E-11
3.33528760165791E-11
6.79847289575297E-11
1.5994316981959855E-10
6.815525921410881E-11
4.2854608750531055E-14
4.134748099460239E-13
1.1410317135585046E-13
2.015054789694659E-14
2.441380431150719E-13
2.550737399076297E-14
5.057065877167588E-14
1.7505441540777156E-13
2.2148949341271873E-14
1.4432899320127035E-13
5.4996007747831754E-11
2.746105565165635E-10
2.8677504815277644E-11
2.0096990738238674E-10
1.4063061826165226E-10
1.8633272702572878E-10
1.680007244431181E-10
2.0946799850207753E-10
2.466720161464764E-10
3.6359892874315847E-10
2.7256419343757443E-10
3.7186964618740603E-10
5.885567588848331E-10
5.611582309938967E-10
4.774278750119265E-10
1.5404566511278972E-11
2.935962584160734E-10
2.645492713783064E-10
7.554490366602444E-10
3.786908564508089E-10
1.070930011337623E-9
8.815277396934107E-10
7.354401532213461E-10
1.453145159757696E-9
1.6132162272697315E-10
1.4548504623235203E-9
7.294147508218951E-10
2.5139570425385188E-9
5.278479875415691E-10
5.298943506204523E-10
4.822595656150952E-10
5.909441824769601E-10
4.615685611497611E-10
2.2157564671959905E-9
2.7353053155820817E-10
1.5936620911816135E-9
1.9308572518639266E-9
3.5561242839321494E-10
7.080416253302246E-10
1.2078089639544487E-9
1.044554664986208E-9
1.0272742656525224E-9
6.971276889089495E-10
2.607066562635487E-9
1.3565113476951695E-9
1.2746568245347854E-9
4.394678398966789E-9
3.4856384445447475E-9
4.343291948323395E-9
3.2719071896281093E-9
4.6566128730773926E-10
2.575688995448038E-9
5.971742211841047E-9
2.964952727779746E-10
1.0020812624134123E-8
2.6839188649319112E-9
1.3797034625895321E-9
3.301465767469611E-10
1.1677002476069402E-8
4.853973223389223E-9
6.151822162792087E-9
8.00719135440886E-9
2.571687218733132E-8
4.7202775022014976E-9
8.694769348949194E-10
9.322320693172514E-9
2.8594513423740864E-9
1.1550582712624609E-8
1.3224052963786847E-9
1.3453245628625154E-8
4.090907168585473E-8
1.5170371625572443E-9
3.1795934776149976E-9
3.790773916989565E-9
7.101334631443024E-9
2.586602931842208E-9
1.1859810911390035E-9
1.713488018183565E-8
1.0208168532702735E-8
2.2773747332394123E-9
4.074536264159559E-9
5.098991096106481E-8
3.506283974274993E-8
1.3224780559713267E-7
3.391323843970895E-8
7.625931175425649E-8
1.639273250475526E-8
5.8287696447223425E-8
9.036739356815815E-9
1.4544639270752668E-8
1.209409674629569E-7
1.607986632734537E-8
1.2695090845227242E-7
3.204331733286381E-8
1.1088559404015541E-8
1.3461976777762175E-7
6.335903890430927E-8
1.2767850421371786E-7
4.292814992395326E-9
8.95961420610547E-8
7.2553074659254E-13
4.430344979766687E-13
6.40099084847634E-13
7.682743330406083E-13
4.4259040876681865E-13
1.8579582317101995E-13
2.619571226603057E-13
9.366951658762446E-13
2.9320990080350384E-13
4.2704728642206646E-13
2.1629966796832267E-7
7.59901013225317E-8
2.0617153495550156E-7
3.440072759985924E-8
1.0424992069602013E-7
4.43833414465189E-8
8.285860531032085E-8
1.7724232748150826E-8
3.798049874603748E-8
2.8713839128624314E-7
4.3603358791666214E-7
5.962210707366467E-7
3.3527612686157227E-8
5.762558430433273E-8
2.596061676740649E-8
2.547167241573334E-7
3.119930624961853E-8
4.3655745685100555E-8
1.885928213596344E-7
1.169973984404063E-8
1.930282451212406E-6
6.256159394979477E-7
1.5362165868282318E-6
3.143213690888491E-8
1.1918600650862032E-6
5.874317139387131E-7
7.055932655930519E-7
8.66129994392395E-7
7.695052777201283E-7
1.4653196558356285E-6
7.776543498039246E-8
1.0991934686899185E-6
1.5762634576060863E-7
3.1534582376480103E-6
2.384185791015625E-7
1.2353993952274323E-6
7.543712854385387E-8
4.1979365050792694E-7
3.1504314410568668E-6
3.8871075958013535E-6
4.516448825625519E-6
3.260094672469238E-6
2.3050233721733093E-6
2.0260922610759735E-6
4.5574270197690225E-6
6.156042218208313E-6
2.9741786455872443E-6
2.1886080547872666E-7
4.200264811515808E-6
1.3411045074809835E-7
2.4285782274091616E-9
5.03100456228367E-6
8.548609912395477E-6
7.230788469314575E-6
1.2197531759738922E-5
3.3061951398849487E-7
2.477318048477173E-7
2.561137080192566E-7
2.321787178516388E-6
2.7839632821269333E-9
1.8553808331489563E-5
2.4177134321234917E-6
8.966773748397827E-6
1.2442469596862793E-6
1.296401023864746E-6
5.159527067810643E-7
2.9144808650016785E-5
1.6286969184875488E-5
1.4901161193847656E-6
1.8421560525894165E-6
1.7993152141571045E-5
5.5283308029174805E-5
2.6226043701171875E-6
1.909211323436466E-5
6.075948478567739E-6
9.834766387939453E-6
3.3289194107055664E-5
1.8458813428878784E-5
2.47173011302948E-5
2.146512269973755E-5
2.319365921721328E-5
6.303191184997559E-6
1.179724931716919E-4
2.6881694793701172E-5
6.75469639190851E-5
6.648153066635132E-5
1.4789402712267474E-5
5.535781383514404E-6
4.902482032775879E-5
1.6987323832040602E-6
8.255243301391602E-6
3.4123659418128227E-6
1.8641352653503418E-5
6.645917892456055E-5
2.756565809249878E-4
6.937980651855469E-5
1.1548399925231934E-5
2.0304322242736816E-4
1.389831304550171E-4
3.4675002098083496E-5
1.1723955140041653E-13
1.5065726444163376E-12
5.936362512670716E-13
6.66577903984944E-13
1.8895995879120164E-13
5.657696533489798E-13
2.255973186038318E-13
2.9254376698872915E-13
1.1994849558050191E-12
3.126388037344441E-13
1.3220313121564686E-4
1.3595819484635285E-4
1.424252986907959E-4
1.748204231262207E-4
1.3440847396850586E-5
1.5068057109601796E-4
2.601444721221924E-4
1.9103288650512695E-5
1.676082902122289E-4
3.880262568145554E-5
4.115104820812121E-4
1.76489353634679E-4
3.6656856536865234E-5
1.1926889419555664E-4
5.716085433959961E-5
2.956390380859375E-5
4.4834613851207905E-4
2.9337406158447266E-4
4.4059753463443485E-4
2.8526794631034136E-4
0.0013480186462402344
0.0012061595916748047
6.817583926022053E-4
2.8848706278949976E-5
8.618831634521484E-5
7.432699203491211E-4
3.4880638304457534E-4
2.0754337310791016E-4
3.1197117641568184E-4
5.853185448359E-4
0.002038717269897461
0.001766204833984375
0.00128173828125
5.958080291748047E-4
6.7901611328125E-4
0.0013370513916015625
1.18255615234375E-4
0.001073598861694336
0.0018942360766232014
2.4390220642089844E-4
0.0015730857849121094
0.004746913909912109
0.004143238067626953
0.0021791458129882812
0.0014352803154906724
2.5320425629615784E-4
0.0031914710998535156
1.4400482177734375E-4
4.1389468242414296E-4
0.0025086402893066406
0.015164375305175781
0.007416725158691406
0.0031595230102539062
7.810592651367188E-4
2.5653839111328125E-4
0.004597663879394531
3.185272216796875E-4
0.0046634674072265625
0.0036869050236418843
0.004082679748535156
0.0029296875
0.0028553009033203125
7.648468017578125E-4
4.119873046875E-4
0.01603710651397705
0.01415252685546875
4.1390955448150635E-4
8.526444435119629E-4
0.006380200386047363
4.8065185546875E-4
0.01675415225327015
0.023464441299438477
0.0166473388671875
0.018276214599609375
0.006206512451171875
0.02164483070373535
0.034088134765625
0.01161194033920765
0.016643524169921875
0.030078887939453125
0.03934478759765625
0.010240554809570312
0.0469132661819458
0.007598876953125
0.0376434326171875
0.0403594970703125
0.00193023681640625
0.0416259765625
0.0019073486328125
0.00269317626953125
0.008056640625
0.1102447509765625
0.113922119140625
0.0040743350982666016
0.09337043762207031
0.09911346435546875
0.03411865234375
0.106475830078125
0.0878753662109375
0.01568603515625
3.9257486150745535E-13
4.0389913635863195E-13
4.0611958240788226E-13
8.615330671091255E-14
6.328271240363392E-14
5.255795798575499E-13
4.9471537977297E-13
2.679856336840203E-12
2.1103119252074976E-12
1.2376766278521245E-12
0.14306640625
0.070526123046875
0.08596813678741455
0.25665283203125
0.00726318359375
0.00738525390625
0.04693603515625
0.132080078125
0.201171875
0.0240478515625
0.1533203125
0.38958740234375
0.4940185546875
0.51104736328125
0.7677001953125
0.0916748046875
1.20947265625
0.279388427734375
0.27850341796875
0.06304931640625
0.02178955078125
0.8841552734375
1.1856689453125
1.185791015625
0.030517578125
0.6900634765625
0.3121340274810791
0.3431396484375
0.04150581359863281
0.1094970703125
0.31494140625
1.1875076293945312
0.1904296875
0.38696300983428955
0.751708984375
0.726806640625
1.676025390625
2.57568359375
1.56201171875
1.421875
1.2236366271972656
3.83642578125
2.7646484375
4.44873046875
0.096710205078125
4.328643798828125
0.61865234375
2.74072265625
7.2470703125
5.072265625
4.5205078125
0.33984375
2.9208984375
10.203126907348633
0.2218017578125
11.177734375
4.3291015625
6.4833984375
10.6925048828125
10.7392578125
0.483642578125
21.232421875
15.130859375
1.931640625
5.5302734375
17.62109375
31.03125
10.724609375
1.255859375
20.35546875
32.154296875
7.328125
16.953125
75.5
5.62109375
17.38671875
22.828125
26.98828125
1.46875
16.86328125
17.65625
37.892578125
77.0859375
3.8984375
23.9921875
57.015625
70.0
47.5859375
17.8046875
4.71875
77.640625
219.96875
114.390625
131.859375
99.2890625
16.125
16.40625
92.328125
96.578125
15.1875
2.5210944443188055E-12
5.607514452776741E-12
5.385025758641859E-12
3.0824232055692846E-12
4.725109192804666E-13
4.723776925175116E-12
5.848654893725325E-13
1.9171331189227203E-12
5.257572155414891E-12
2.0694557179012918E-12
7.1875
9.59375
10.375
6.0078125
199.0
82.625
162.4375
236.5
137.9453125
8.9375
49.5625
148.0
88.5625
31.8125
67.875
194.3125
332.625
613.0
295.8125
154.5
1.0018652574217438E-11
9.968914582714206E-12
6.441069899665308E-12
4.6629367034256575E-12
4.080291660102375E-12
3.846700735721255E-12
8.118838934478845E-12
9.280576307446609E-12
4.7624126864320715E-12
2.3856472353145493E-12
2.815525590449397E-12
1.858424525380542E-11
1.5969447986208252E-11
2.864730674900784E-11
1.804778548830675E-11
1.6282086789942696E-11
2.063060833279451E-11
8.951062113737869E-12
8.565592679588008E-12
1.1445067116255917E-11
5.111999712426041E-11
3.2663649562891806E-11
2.6759039428725373E-11
3.370459467078035E-11
3.1249669518729206E-11
4.722622293229506E-11
2.149391775674303E-12
2.306066448909405E-11
2.146904876099184E-11
1.0579981335468099E-11
3.4354741274000844E-11
6.676259545201984E-11
5.866951369171147E-11
3.438316298343125E-11
2.405187160548022E-11
1.9539925233402755E-11
1.2967404927621828E-11
6.087219617256778E-11
7.501910204155138E-11
9.404743650520686E-11
2.2366464236256434E-10
1.1890222140209517E-10
1.3393730569077889E-10
8.071765478234738E-11
1.4480860954790868E-11
4.446576440386707E-11
3.33528760165791E-11
6.79847289575297E-11
1.5994316981959855E-10
6.815525921410881E-11
