1.174060848541103E-14
1.2884138200774942E-13
3.327893516313907E-14
2.5021651417489466E-13
1.777744618181032E-13
8.1601392309949E-15
1.3983258995153852E-13
2.73003841755326E-13
2.1535551120166474E-13
7.993605777301127E-15
4.763194283441937E-10
3.646789537015138E-10
1.7192292034451467E-10
1.3642420526593924E-10
1.5330670066759922E-10
1.3923795449954923E-10
2.7137048164149746E-10
7.815970093361102E-11
2.091837814077735E-11
1.0305711839464493E-10
1.541593519505378E-10
3.212221599824261E-10
2.5289637051173486E-10
2.727347236941585E-10
5.265405889077705E-10
1.7962520360015333E-11
3.3895730666720995E-10
3.609557097661309E-11
2.8546764951897785E-10
1.141415850725025E-10
1.0950316209346056E-9
5.907168088015185E-10
9.482619134359993E-10
5.760512067358519E-10
2.0202151063131168E-10
1.0085159374284558E-9
6.070877134334296E-10
1.2000782589893788E-9
1.1339125194353983E-9
7.959215508890338E-10
1.16006049211137E-9
2.436763679725118E-9
1.1921201803488657E-9
7.817106961738318E-10
1.1732481652870774E-10
5.809397407574579E-10
1.321723175351508E-9
3.837158146779984E-9
1.6925696399994195E-9
1.561829776619561E-9
4.723460733664479E-9
2.204615157097578E-9
1.3219505490269512E-9
4.1109160520136356E-10
2.1072992240078747E-9
1.4370016288014913E-10
5.730726115871221E-9
4.4728949433192875E-9
2.2746462491340935E-9
2.483375283191007E-9
3.357854438945651E-9
7.011294655967504E-9
1.1025804269647419E-8
4.358298610895872E-9
8.166352927246334E-9
6.648406269960105E-10
9.961695468545988E-9
1.2068994692526758E-9
1.964508555829525E-10
1.154148776549846E-9
4.18367562815547E-10
7.843482308090157E-9
8.221832104027271E-10
3.2378011383116245E-9
1.9163053366355598E-8
1.1599695426411927E-8
1.546140993013978E-8
9.235009201802313E-9
3.1850504456358997E-9
1.5807017916867703E-8
2.5429471861571074E-9
3.2778189051896334E-8
3.1381205189973116E-8
1.7676939023658633E-8
3.77549440599978E-8
1.367880031466484E-8
8.101778803393245E-9
1.6043486539274454E-8
9.204086381958974E-10
1.64181983564049E-8
7.23885023035109E-8
3.485183697193861E-9
7.92351784184575E-9
1.768057700463413E-9
4.9221853259950876E-8
6.512709660629057E-8
3.38914105668664E-8
6.656773621389973E-8
7.785274647183042E-9
9.339419193565845E-8
5.291076377034187E-8
1.0785879567268221E-7
1.3844692148268223E-7
4.5431079349900205E-8
1.6042031347751617E-7
4.825415089726448E-8
3.2654497772888896E-8
3.220338840037584E-8
1.0941585060209036E-7
1.274747774009273E-7
4.550804177938519E-13
4.1955328100584666E-13
1.0130785099704553E-13
4.2155168245017194E-13
2.6545432518787493E-13
4.371503159461554E-13
9.348077867343828E-14
3.8413716652030416E-13
4.937161790508071E-13
9.405809464624326E-13
6.111804396022498E-9
4.1088787838816643E-7
2.1595042198896408E-8
2.3137545213103294E-8
1.5142722989414104E-7
2.3949542082846165E-7
4.493631422519684E-8
5.7159923017024994E-8
8.760252969211568E-9
8.119968697428703E-9
3.302120603621006E-7
1.680455170571804E-7
1.4784745872020721E-8
4.243338480591774E-8
4.4645276031651804E-8
2.9045622795820236E-8
6.841146387159824E-7
1.3969838619232178E-8
1.3347016647458076E-7
5.218898877501488E-7
2.9639340937137604E-7
1.5426194299728024E-6
4.2957253754138947E-8
2.2817403078079224E-8
7.401686166197408E-7
2.1399464458227158E-6
5.892943590881609E-7
8.613569661974907E-7
3.0046794574634106E-7
3.761379048228264E-7
2.2328458726406097E-7
3.0035153031349182E-6
1.13598071038723E-6
5.941838026046753E-7
1.0249204942525125E-6
5.280598998069763E-7
2.3308675745070673E-6
2.3730099201202393E-6
1.0065268725156784E-6
2.0761508494615555E-6
2.9383227229395903E-6
3.4458935260772705E-6
2.0074658104718424E-6
6.132759154120482E-7
1.1688098355833176E-7
1.1247117072343826E-5
2.49641016125679E-6
9.73232090473175E-8
1.8952414393424988E-7
7.543712854385376E-8
5.1865354180336E-6
1.341104507446289E-7
5.860812962055206E-6
5.569308996200562E-7
8.410774171352386E-6
4.330649971961975E-7
8.066184875588078E-6
1.6577541828155518E-7
7.767230272293095E-7
8.798204362392426E-6
1.1846423149552976E-5
1.0540708899942075E-5
1.286529004573822E-5
7.02589750289917E-6
8.773058652877808E-7
5.587935447692871E-7
4.824250936508179E-7
2.9783695941199007E-6
1.752376579133852E-5
3.7997961044311523E-7
4.865601658821106E-5
3.3464282751083374E-5
5.97536563873291E-5
5.029141902923584E-6
2.933293581008911E-5
3.524869680404663E-5
2.588331699371338E-5
1.125037670135498E-6
2.1163374185562134E-5
1.041218638420105E-5
4.515052296483191E-6
4.420429468154907E-5
1.4901161193847656E-6
1.0669231414794922E-5
7.063895463943481E-5
7.113069296682539E-5
7.7731908277201E-5
3.17692756652832E-5
2.3223459720611572E-5
1.1481344790809089E-4
1.761317253112793E-5
3.993511199951172E-6
2.5692582175906864E-4
6.544589997758976E-5
7.164478302001953E-5
3.36766242980957E-5
6.447732448577881E-5
2.3430585861206055E-4
1.7076730728149414E-5
4.4405460357666016E-6
3.398392678377604E-13
4.818367926873179E-13
1.1636247521096266E-12
1.1063372440389685E-12
5.193623309196483E-13
1.2220224832049106E-12
2.1900259383755838E-12
2.6412205755832474E-13
1.734279386766957E-12
2.574607194105739E-13
1.378953456878662E-4
2.970099449157715E-4
2.530813217163086E-4
1.6862154006958008E-4
1.5690922737121582E-4
3.2842159271240234E-5
7.426738920912612E-5
9.953975791177072E-6
2.1755695343017578E-5
1.8835067749023438E-4
2.6166439056396484E-5
5.340576171875E-5
3.179311752319336E-4
1.7344951629638672E-5
0.0011164547177031636
1.8358230590820312E-5
1.1026859283447266E-5
1.494288444519043E-4
3.0237436294555664E-4
4.266500473022461E-4
8.033515186980367E-4
9.458065615035594E-4
6.238222122192383E-4
1.48773193359375E-4
8.863210678100586E-4
6.271600723266602E-4
5.265476647764444E-4
8.463859558105469E-4
0.0013089179992675781
9.107589721679688E-5
0.0022437572479248047
7.209782488644123E-4
0.0033576488494873047
0.0010230541229248047
0.0011096000744146295
1.7070770263671875E-4
1.8620584160089493E-4
6.644725799560547E-4
5.1021575927734375E-5
0.001215219497680664
8.10832716524601E-7
0.006466388702392578
0.0019330978393554688
2.3981556296348572E-8
5.378387868404388E-7
1.0291114449501038E-6
8.649658411741257E-8
7.275957614183426E-8
1.2455275282263756E-6
1.5782425184518445E-6
0.0074558258056640625
0.004986777901649475
0.0070133209228515625
1.659393310546875E-4
0.0029506701976060867
4.940032958984375E-4
0.009838104248046875
0.0046367645263671875
0.008704185485839844
0.0049800872802734375
0.004817962646484375
0.012289047299418598
0.0040035247802734375
0.011749267578125
0.0012874607928097248
5.359649658203125E-4
0.0024242401123046875
0.010353237390518188
7.82012939453125E-4
3.337860107421875E-4
0.018329620361328125
0.023059844970703125
0.028347015380859375
0.03623199462890625
0.0293426513671875
0.020320892333984375
0.004779815673828125
0.0113525390625
0.0118637103587389
0.020168304443359375
0.06970977783203125
0.028892993927001953
0.019989013671875
0.002212531864643097
0.002319343388080597
0.04232025146484375
0.00858306884765625
0.007263660430908203
0.05065155029296875
0.008194923400878906
0.10481452941894531
0.08473968505859375
0.1524200439453125
0.1352081298828125
0.1478424072265625
0.00439453125
0.269744873046875
0.156097412109375
0.018096923828125
0.0131988525390625
1.0971223929345797E-12
3.4732217102373397E-12
2.2937207688755734E-13
1.2390088954816747E-12
2.1094237467877974E-13
1.5658585539313208E-12
3.113065361048939E-13
1.0100809078039674E-12
1.8607337892717624E-13
1.2303491558895993E-12
0.3916015625
0.23480224609375
0.0447998046875
0.130645751953125
0.3514404296875
0.0389409065246582
0.2213134765625
0.155914306640625
0.04022216796875
0.202789306640625
1.013671875
0.19378662109375
0.6658935546875
0.08270263671875
0.5466923713684082
0.374267578125
0.71783447265625
0.076904296875
0.05096435546875
0.01593017578125
0.0367431640625
0.189697265625
1.0267333984375
0.87548828125
0.164306640625
1.1046142578125
0.22265625
0.6258544921875
0.579345703125
0.021608352661132812
0.50146484375
2.0751953125
1.5
2.132080078125
0.04296875
1.1181640625
1.181396484375
0.340576171875
1.09765625
0.7016611099243164
0.22998046875
4.572265625
4.748046875
4.03369140625
3.2998046875
2.5078125
2.8662109375
1.25341796875
4.59521484375
0.61279296875
1.15234375
5.2568359375
0.265625
1.0869140625
1.02734375
2.2822265625
0.2431640625
8.236328125
8.837890625
3.021484375
6.919921875
8.32421875
4.92236328125
8.412109375
5.583984375
8.384765625
18.134765625
11.748046875
7.26953125
17.1484375
20.8642578125
1.73828125
17.8984375
31.05078125
22.140625
18.60546875
50.564453125
23.9296875
13.69140625
30.55078125
2.1796875
20.265625
34.5703125
97.8359375
13.96875
10.20703125
11.7734375
37.3828125
2.2421875
39.85546875
75.171875
138.140625
56.53125
62.0
67.546875
151.984375
143.984375
100.96875
187.53515625
66.609375
2.6689761511988763E-12
2.8337332480532496E-12
2.4735768988648488E-12
2.971400903106769E-12
3.9399594697897555E-12
1.0746958878371536E-13
4.426681243785424E-12
5.37792033128426E-13
7.860379014346108E-13
2.2395418852738658E-12
135.3125
29.25
360.53125
214.0625
24.21875
400.0859375
349.125
135.34375
385.625
172.8125
77.25
1058.6875
600.1875
648.0625
183.5
16.125
687.8125
48.875
274.625
452.0
1.2319034681240753E-12
8.788525462932739E-12
7.33546556830336E-12
6.9961814119778865E-12
6.473932501194213E-12
8.72368843829463E-12
1.1350920203767604E-11
1.3846701563124952E-12
4.572342504616258E-12
2.157385381451604E-12
9.492850949754938E-12
3.7836400679225335E-13
1.3358203432289883E-11
2.595257342363766E-12
5.188738327888183E-12
2.325251102774928E-12
8.958167541095463E-12
1.3180567748349858E-11
1.5081269566508126E-12
3.980815677095961E-12
1.3201884030422661E-11
6.647127293035737E-12
7.220890552162018E-11
6.2954086388345006E-12
2.113864638886298E-11
1.8399504142507794E-11
3.8834713222968276E-11
2.092548356813495E-12
4.794031838173396E-11
3.8149039482959986E-11
4.2618353290891016E-11
1.9113599591946695E-11
9.917044963003718E-11
3.7118752516107634E-11
1.0179945775234955E-10
1.84456894203322E-11
8.476774837617995E-12
6.604494728890131E-11
3.247180302423658E-11
6.338751745715854E-11
2.3655388758925586E-10
1.872990651463624E-11
5.2864379540568E-12
4.001776687800884E-11
7.948131042212481E-11
5.481126663653413E-11
6.511413630505558E-11
1.5373302630905528E-10
2.476951976859709E-10
1.204938371301978E-10
