9.947598300641405E-14
1.9123591599168321E-13
2.918221220227224E-13
4.817535259604711E-13
3.5524361230443446E-13
2.6884050541298166E-13
2.2759572004815715E-14
8.382183835919932E-15
1.3500311979441904E-13
6.414313524771847E-14
8.15987277746899E-11
2.944489096989855E-11
7.929656931082731E-12
5.121592039358802E-11
5.3574922276311554E-11
3.271338755439501E-11
2.838760337908769E-10
1.3727685654885136E-10
4.1779912862693994E-11
3.1681679502071347E-10
6.484128789453429E-10
6.761524673493246E-10
4.818048182642087E-10
4.5724846131633967E-10
3.0530600270151234E-10
1.6081003195722587E-10
2.594902070995886E-10
5.784954737464432E-10
7.709672900091391E-10
2.9575630833283704E-10
9.026734915138664E-11
5.238689482212067E-10
6.665459295618348E-10
6.587015377598903E-10
9.92145032796543E-10
1.6890453480300494E-9
1.3574208423960954E-10
4.906723916064948E-10
6.392610885086469E-10
1.844000507844612E-10
1.163016349892132E-9
2.5986537366406992E-9
2.4404016585339038E-9
2.127990228473209E-9
6.741629476891831E-10
1.4370016288012266E-9
1.978150976356119E-10
1.630496626603417E-9
9.863470040727407E-10
1.975195118575357E-9
3.338300302857533E-9
4.285084287409954E-9
1.4983925211708993E-9
4.522007657214999E-9
2.653450792422518E-9
4.898993211099878E-9
1.1018528312046788E-9
2.215529093518853E-9
4.077719495398924E-9
4.0718077798374E-9
7.927155820652843E-9
2.546585164964199E-10
1.266926119569689E-9
1.3687895261683629E-9
2.570232027210295E-9
8.810275176074356E-9
1.9808794604614377E-9
7.905327947810292E-9
1.3742464943788946E-9
3.489731170716596E-9
4.6504283091053367E-8
6.166374078020453E-10
3.7960489862625584E-8
5.040419637225568E-9
7.990820449776947E-9
2.548404154367745E-9
2.3046595742926E-9
1.552325556986034E-8
3.3141986932605505E-9
8.831193554215133E-9
2.6713678380474448E-8
2.1711457520723343E-8
4.650792106986046E-8
2.4003384169624803E-8
1.680018613158321E-8
4.666071618062567E-8
1.6494595911353827E-8
3.205423126928508E-8
4.121829988434911E-9
1.0008079698309302E-8
5.660695023834705E-9
3.821332938969135E-8
3.5288394428789616E-9
3.341119736433029E-8
6.54981704428792E-8
7.176276994869113E-8
1.469743438065052E-9
4.423782229423523E-9
6.335903890430927E-8
3.892637323588133E-9
1.181761035695672E-7
2.6921043172478676E-9
2.2453605197370052E-8
5.298352334648371E-8
2.077285898849368E-7
1.2590317055583E-7
3.310560714453459E-8
3.3993273973464966E-8
4.764297045767307E-8
1.9554863683879375E-7
1.737499033538371E-13
3.000932835561798E-13
1.7241763572428686E-13
2.96263014121223E-13
8.576472865229334E-14
4.657385588302532E-13
2.4946711363327267E-13
2.853273173286652E-14
3.905209489118988E-13
4.933831121434196E-13
7.159542292356491E-9
2.8277281671762466E-7
1.4383113011717796E-7
2.6586349125001796E-7
1.4857505448162556E-7
6.592017599144073E-8
1.626904122531414E-7
1.0506482796268646E-7
4.551839083433151E-8
2.599263098090887E-7
2.0227162167429924E-7
2.489541657269001E-7
3.161258064210415E-7
2.153683453798294E-8
6.345799192786217E-7
4.516914486885071E-8
3.4354161493332924E-7
1.907465048134327E-7
2.3865140974521637E-8
4.103640095509675E-7
3.050081431865692E-8
2.959277480840683E-7
1.3993121683597565E-7
3.376044338532225E-8
1.3153767213225365E-6
1.1413358160794473E-6
3.561144694685936E-7
7.472699508070946E-7
1.02317426353693E-6
3.5529956265989426E-7
1.7485581339099499E-7
1.533655450637085E-6
6.635673432953126E-8
1.8554274001658655E-6
1.0665971794665552E-6
6.635673344135284E-8
2.6635825634002686E-6
3.58792021877552E-7
4.731118696810199E-7
6.721820682287216E-7
3.557652235031128E-7
3.3061951398849487E-7
4.203990101842026E-6
2.759043127298355E-6
6.244517871678568E-7
1.0523945093154907E-7
2.2938475012779236E-6
2.4493783712387085E-7
2.6263296604156494E-7
2.879649401599238E-6
8.520670235157013E-6
9.5367431640625E-7
5.973502993583679E-6
3.2326206849120354E-6
9.308569133281708E-6
4.087574779987335E-6
5.103647708892822E-6
1.1743977665901184E-6
4.731118679046631E-7
1.2069940567016602E-6
8.042901754379272E-6
2.3363158106803894E-5
8.400529623031616E-7
1.1030584573745728E-5
1.309439539964874E-6
8.558854460716248E-6
7.947906852212583E-6
8.903443813323975E-7
1.7559155821800232E-5
1.391395926475525E-6
8.87364149093628E-6
8.288770914077759E-6
7.075071334838867E-5
4.110485315322876E-5
1.792237162590027E-5
2.603977918624878E-6
5.605444312095642E-5
4.8615038397148425E-6
2.8617680072784424E-5
2.726912498474121E-6
8.247792902693618E-5
5.736947059631348E-6
5.431473255157471E-6
3.225356341118868E-5
2.2143125534057617E-5
8.821487426757812E-6
5.505979970621411E-6
7.375329914793838E-5
1.855194682320871E-6
4.248321056365967E-5
1.3366341590881348E-4
1.7480552196502686E-4
8.343160152435303E-5
1.0985136032104492E-4
7.97957181930542E-5
7.420778274536133E-5
1.6783177852630615E-4
7.659196853637695E-6
4.351139068603516E-6
1.093745231628418E-5
3.164135620181696E-14
1.2290168882600483E-13
6.502576255229546E-13
1.7641443861293737E-12
6.816769371198461E-13
7.933653733971369E-13
1.248112724283601E-12
5.662137425588302E-13
1.6557866189259585E-12
5.810907310888069E-13
2.1070241928100586E-5
1.3151764869689941E-4
2.306699764176301E-5
2.2029876708984375E-4
1.3691186904907227E-4
3.7223100662231445E-5
2.644360065460205E-4
2.824068069458008E-4
1.544356346130371E-4
1.395344735328763E-4
2.723932411754504E-4
4.698038101196289E-4
3.821253776550293E-4
2.7203559920963016E-4
3.070235252380371E-4
2.9033422470092773E-4
3.775954246520996E-4
2.861618995666504E-4
7.665157318115234E-5
3.974437713623047E-4
0.0011203289031982422
7.582904072478414E-4
6.0081489209551364E-5
3.063678741455078E-5
8.531808871339308E-4
0.0011761189671233296
1.4150142669677734E-4
2.073049545288086E-4
1.8680095672607422E-4
7.010698318481445E-4
0.0032906532287597656
9.441375732421875E-5
3.073224797844887E-4
0.0018813610076904297
0.0016472339630126953
0.004000186920166016
0.0017540454864501953
2.951622009277344E-4
1.4901161193847656E-4
7.224082946777344E-5
0.004299164051190019
0.005978584289550781
0.00208282470703125
0.0011014938354492188
3.3664703369140625E-4
0.005541324615478516
0.004088409274118021
0.004444599151611328
0.0023531951010227203
4.987716674804688E-4
0.004781724885106087
0.0065975189208984375
0.0034275054931640625
1.811981201171875E-4
0.00125981867313385
0.012258529663085938
7.228851318359375E-4
0.004208564758300781
0.008083343505859375
4.959125071763992E-4
0.013134002685546875
0.009149553254246712
0.008724212646484375
0.008457183837890625
0.00171661376953125
0.008798599243164062
0.022329330444335938
0.028188705444335938
0.00849151611328125
0.0025749211199581623
0.0087127685546875
0.019451141357421875
0.009708404541015625
0.0046539306640625
0.044399261474609375
0.00719451904296875
6.103515625E-4
0.00853729248046875
0.016529083251953125
0.003078460693359375
3.6539859138429165E-8
0.0042269229888916016
0.0640869140625
0.02570343017578125
0.045837403275072575
0.1023406982421875
0.02970123291015625
0.06113433837890625
0.03705024719238281
0.048736573196947575
0.101165771484375
0.076416015625
0.2616119384765625
0.004913330078125
0.0112457275390625
0.067657470703125
0.0029754638671875
0.015899658203125
0.038727760314941406
0.08183288620784879
3.0380142845842784E-12
1.5336620862171912E-12
6.874500968478969E-13
4.600764214046665E-13
2.105426943899147E-12
7.458478279431802E-13
9.166001291305292E-13
1.0307310560619953E-12
1.9984014443252834E-12
9.57012247226885E-14
0.0955810546875
0.4593963623046875
0.163818359375
0.30278778076171875
0.006744384765625
0.007633209228515625
0.0322265625
0.093536376953125
0.04046642780303955
0.14202880859375
0.53424072265625
0.10943603515625
0.842041015625
0.30194091796875
0.1075439453125
0.09124755859375
0.06048637628555298
0.07470703125
0.5921630859375
0.2625737190246582
0.618408203125
0.056396484375
0.8055419921875
0.849609375
1.164794921875
0.562255859375
0.0621337890625
0.5238037109375
0.4119873046875
0.9034423828125
2.29833984375
2.8056640625
1.366455078125
0.05712890625
4.561767578125
2.3452224731445312
1.4423828125
0.93505859375
4.762939453125
2.13037109375
0.12451171875
0.3525390625
2.42919921875
0.34716796875
7.3984375
0.34716796875
1.065948486328125
2.6201171875
5.12451171875
4.8115234375
4.4766845703125
5.240234375
9.3427734375
0.796875
4.9306640625
0.8525390625
0.7637939453125
0.8134765625
5.310546875
5.216796875
12.2109375
10.087890625
0.65234375
2.009765625
26.462890625
10.771484375
8.43359375
13.37109375
0.7109375
13.111328125
29.92578125
20.8984375
16.0712890625
18.609375
14.77734375
34.73828125
63.375
0.875
7.40234375
8.8203125
27.4453125
72.671875
33.1953125
11.40625
35.1171875
2.2109375
9.1640625
34.1015625
47.609375
25.296875
100.1875
70.25
52.0
142.21875
69.1015625
203.75
71.15625
67.171875
7.50390625
101.46875
8.069100942975638E-13
4.0953906932372774E-12
5.211830966800335E-12
8.287592834221869E-12
5.797140545382717E-12
4.304556711076657E-12
3.855582519918244E-12
9.947598300641403E-14
1.5947243525715749E-12
2.606803661819874E-12
18.15625
306.28125
198.21875
69.40625
462.56640625
61.125
157.5625
262.40625
295.40673828125
156.875
576.5625
284.9375
156.8125
38.3125
189.625
16.625
489.9375
33.75
38.75
24.875
3.61755070343861E-12
1.1885603612427076E-11
4.085620730620576E-13
1.893507572958697E-11
5.0395243533785106E-12
4.888534022029489E-12
9.547918011776346E-13
4.632738637155853E-12
4.688693877596961E-12
1.021582818339084E-11
1.596056620201125E-11
9.755751761986176E-12
1.858069254012662E-11
1.2136069926782511E-11
1.7461587731304462E-12
9.00257646208047E-12
8.737899293009832E-12
3.536904102929844E-11
8.53184189963941E-12
1.1254996934439987E-11
1.0992096122208751E-11
1.9234391857025912E-11
2.6908253403234994E-11
8.22808488010196E-12
1.6139978242790883E-11
3.4788172342814505E-11
9.137579581874888E-12
3.1104008257898386E-11
1.5354828519775765E-11
2.7107205369247822E-12
4.035172196381609E-11
6.389200279954821E-11
2.2509993868879974E-11
4.715161594504025E-11
9.272582701669307E-11
5.135092351338244E-11
3.923616986867273E-11
6.797051810281118E-11
5.289280124998186E-11
4.919797902402934E-11
5.113065526529681E-11
1.3139356269675773E-10
1.9393553429836174E-10
1.2747136679536197E-10
1.9088020053459331E-10
1.6612489162072797E-11
1.2875034371973015E-11
3.8326675166899804E-11
1.5600676306348762E-10
3.3168134905281477E-11
