1.932343174360085E-13
2.5271451598030126E-13
2.5413005033669833E-13
1.3586354263850353E-13
1.9220736113823023E-13
3.8991032624835503E-13
1.996736109788344E-13
5.075662112830059E-13
3.048949981376836E-13
5.0459636469213365E-14
2.2794210963184014E-11
2.2751578399038408E-10
3.7942982089589453E-11
2.0179413695586845E-11
1.2403233995430956E-10
3.636841938714497E-10
4.889386673312401E-10
1.0246026249660645E-10
2.5363533495692536E-10
2.397655407548882E-10
6.733671398251317E-10
2.9405100576695986E-10
5.345555109670386E-10
3.934701453545131E-10
1.304556462855544E-10
1.1510792319314285E-10
4.0455461203237064E-10
1.0226131053059403E-10
2.064552973024547E-10
5.222204890742432E-10
1.0231815394945443E-9
5.763922672485933E-10
9.958966984413564E-10
7.244125299621373E-10
1.3983481039843475E-10
8.71068550623022E-10
1.1510792319313623E-9
2.5188455765601248E-9
7.919425115687775E-10
5.981064532534219E-10
1.1573320080060512E-9
1.7000729712890461E-9
1.0429630492581055E-9
2.038859747699462E-9
1.5779733075761364E-9
5.070432962384075E-11
2.479964678059332E-9
3.4629010770004243E-10
3.7266545405145735E-10
7.166818249970675E-10
2.0090737962163985E-9
4.81122697237879E-10
4.2896317609120425E-9
4.931280273012817E-9
6.77437128615735E-9
3.3542164601385593E-9
4.433331923792139E-9
2.0895640773233026E-9
6.765731086488813E-9
2.082288119709119E-9
6.302798283286393E-9
1.9463186617940664E-10
8.240931492764503E-9
5.520632839761674E-9
7.239577826112509E-10
4.0236045606434345E-9
2.582964953035116E-10
5.584297468885779E-10
4.301909939386083E-10
2.446540747769177E-10
8.893039193935692E-9
1.0344592737965286E-8
3.728928277269006E-10
1.0571966413408518E-8
7.456037565134466E-9
8.691131370142102E-9
2.4740074877627194E-8
2.655906428117305E-8
2.6191628421656787E-8
1.4752004062756896E-9
3.106833901258017E-9
2.521119313314557E-9
3.296008799279302E-9
1.9699655240401626E-8
1.6698322724550962E-9
2.1864252630621195E-9
1.973603502847445E-8
8.436472853672787E-9
9.74978320300579E-10
2.8849171940237284E-9
3.5230186767882924E-8
3.3011019695550203E-8
1.8189894035458565E-9
1.231819624081254E-8
6.738991942256689E-8
4.054163582623005E-8
6.534537533298135E-8
1.673470251262188E-9
1.3533281162381172E-9
6.543268682435155E-8
1.257285475730896E-8
7.406924851241777E-8
1.076841726899147E-7
2.5625922717208236E-8
8.034112397581339E-8
1.2943928595632315E-7
8.259667083794497E-8
8.556526154279709E-8
1.2273085303604603E-7
6.968912202864885E-8
4.696243394164412E-14
1.1429746038515987E-13
2.795541576006144E-13
5.483946630135961E-13
7.427392034742297E-14
3.7758685067501574E-13
1.955102746364901E-13
3.885780586188048E-14
3.6060043839825095E-13
5.714873019257993E-13
6.577465683221817E-9
2.5989720597863197E-7
2.9423972591757774E-8
1.7785350792109966E-7
1.252046786248684E-7
8.704955689955995E-8
1.465377863496542E-7
1.3172393666105453E-7
1.328880898655545E-7
1.3707904145121574E-8
5.171168595552444E-7
7.57281668484211E-8
2.530287020047206E-7
2.2136373445391655E-7
4.2945612221956253E-7
8.541974239051342E-7
1.635635273056213E-8
2.735760062932968E-8
3.369641490280628E-7
1.501757652955238E-8
4.6333298087120056E-8
4.960456863045692E-7
9.16188582777977E-7
6.005866453051567E-7
1.0675285011529922E-7
1.525040717043069E-7
8.105998858809471E-7
7.11297616379919E-8
5.917390808463097E-7
5.182810127735138E-7
2.3317988961935043E-6
4.048924893210182E-7
5.415640771389008E-7
6.1513856071115924E-6
7.660128176212311E-8
1.7830170691013336E-6
1.625157897144902E-7
1.1222437024116516E-6
1.443084329366684E-6
2.824701370585103E-6
2.2621825337409973E-6
3.240071244192677E-6
4.6193599700927734E-7
2.032611519098282E-6
1.993030309677124E-7
6.292946640229502E-6
8.229166269302368E-6
2.7045607566833496E-6
3.725290298461914E-7
2.773944288495672E-6
4.0531158447265625E-6
2.430751920856622E-7
1.1622905731201172E-6
8.77678394317627E-6
4.235655097772906E-6
3.3248215913772583E-7
1.0282732549882212E-5
4.277564585208893E-6
1.2061558663845062E-5
1.072511076927185E-5
3.343448042869568E-6
1.518242061138153E-5
1.1444091853718419E-5
1.4174729585647583E-6
3.0079856628617563E-5
2.5833025574684143E-5
4.427507519721985E-6
8.538365364074707E-6
9.162351489067078E-6
1.5832483768463135E-6
1.6819685981772636E-5
2.1047890186309814E-5
1.6123056411743164E-5
2.018362283706665E-5
2.450496003802982E-5
2.1032989025115967E-5
3.997236490249634E-5
3.7588179111480713E-6
3.910064697265625E-5
1.8216669577242328E-6
1.1622905802255445E-6
1.755356788635254E-5
5.096942186355591E-5
3.7729740142822266E-5
8.212774991989136E-5
3.396719694848116E-5
3.778934569709236E-5
3.302842378616333E-5
1.1123716831207275E-5
2.8543174380502023E-5
1.3233721256256104E-4
7.317960262298584E-5
1.4503300189971924E-4
2.8033554735884536E-4
9.854137897491455E-5
4.26173210144043E-6
2.0782649517059326E-4
7.185339941884195E-5
1.6355514526367188E-4
1.2114645869587548E-5
2.5368596112684837E-13
1.1829426327381043E-12
1.1330936189324348E-12
5.71209746169643E-13
4.155564781171961E-13
5.687672555154677E-13
8.271161533457416E-13
7.466249840604178E-13
5.733191699164312E-13
4.574118861455645E-14
4.4405460357666016E-5
9.065866470336914E-5
9.626150131225586E-6
5.662441253662109E-6
2.1329522132873535E-4
1.3563036918640137E-4
6.633996963500977E-5
1.2990832328796387E-4
1.2248754501342773E-5
2.4899840354919434E-4
4.303455352783203E-5
3.2579898834228516E-4
3.055334095733997E-4
5.649924278259277E-4
6.204843521118164E-5
6.546974182128906E-4
1.4805793807681766E-4
2.6065122801810503E-4
6.810427876189351E-4
6.517171859741211E-4
9.169578552246094E-4
4.614591598510742E-4
2.695322036743164E-4
6.556510925292969E-5
3.2460701186209917E-4
1.5342235565185547E-4
0.0010756254196166992
5.761384963989258E-4
5.435943603515625E-4
1.8465518951416016E-4
0.0011315345836919732
0.0024557113647460938
5.619535222649574E-4
1.6069412231445312E-4
0.00182342529296875
4.6563195064663887E-4
9.870575740933418E-5
0.0010521430522203445
0.001404524315148592
0.0017290115356445312
2.0551681518554688E-4
0.004138469696044922
0.0052280426025390625
0.004628181457519531
0.0020542144775390625
0.0029015541076660156
0.002224445343017578
8.120536804199219E-4
1.9121170043945312E-4
0.004766471683979034
0.008489608764648438
0.006497383117675781
0.009016990661621094
0.0036869198083877563
0.007822036743164062
0.009081840515136719
9.46044921875E-4
0.004800800234079361
0.019580870866775513
0.016035079956054688
0.0047130584716796875
0.002880096435546875
0.016618728637695312
0.0014095306396484375
0.02941131591796875
0.0023899078369140625
0.0244903564453125
0.008882522583007812
0.017013609409332275
0.018428802490234375
0.027912141755223274
0.008419036865234375
0.00864410400390625
0.02815628075040877
0.020824432373046875
0.00104522705078125
0.04482269287109375
0.036724090576171875
0.004692077869549394
0.00293731689453125
0.0270538330078125
0.07049560546875
0.018463134765625
0.0076751708984375
0.04529571533203125
0.050919532775878906
0.0327301025390625
0.10681915283203125
0.0416412353515625
0.072509765625
0.112152099609375
0.02691650390625
0.02008056640625
0.127838134765625
0.04302978515625
0.3314990997314453
0.0200958251953125
0.011474609375000007
0.12481689453125
0.0816497802734375
3.0164759579065503E-12
5.826450433232822E-13
2.1158630403306233E-12
3.4705571749782393E-13
4.647393581080905E-13
1.0980105713542798E-12
1.113553693699032E-12
3.9745984281580604E-13
1.1588507931037384E-12
1.8147705560522809E-12
0.2016448974609375
0.12017822265625
0.25042736530303955
0.0089111328125
0.194000244140625
0.017242431640625
0.156951904296875
0.15631103515625
0.451751708984375
0.01239013671875
0.78240966796875
0.29913330078125
0.02056884765625
0.54180908203125
0.82421875
0.6566162109375
0.20111083984375
0.035888671875
0.76837158203125
0.091094970703125
0.086181640625
1.0843505859375
0.8072509765625
1.0372314453125
1.529296875
0.9117431640625
0.2755126953125
0.6839599609375
1.092529296875
0.620849609375
1.0734939575195312
2.67041015625
1.771728515625
0.84228515625
1.55322265625
0.565673828125
0.7265625
2.09912109375
0.116943359375
0.503173828125
8.73876953125
4.224609375
3.34375
0.38037109375
0.5419921875
5.64892578125
0.13671875
1.23583984375
3.169921875
2.35009765625
6.7666015625
3.7421875
5.31640625
8.595703125
0.234375
6.23828125
0.1544189453125
4.974609375
5.58984375
7.7001953125
2.95703125
0.923828125
1.958984375
37.734375
18.703125
0.439453125
0.7158203125
17.412109375
9.703125
13.78515625
54.779296875
33.28125
18.12109375
21.0546875
1.38671875
23.02978515625
19.3751220703125
4.11328125
68.85546875
11.078125
60.5859375
21.1953125
39.9609375
87.6796875
66.1328125
15.4296875
89.5625
51.375
1.4609375
43.75
196.625
93.046875
90.609375
4.03515625
135.8125
146.859375
211.984375
70.84375
167.40625
209.40625
4.547917598074491E-12
5.1025850211772195E-12
2.4917845564687046E-12
2.1165291741453984E-12
1.2083667400020204E-12
1.0307310560619953E-12
6.908695837637424E-12
8.033573806187633E-13
2.438937940496544E-12
3.4017233474514796E-13
20.21875
6.5625
77.875
308.0625
24.125
62.9375
141.6015625
111.21875
142.6875
18.578125
8.738425094634295E-9
14.0
13.25
38.5625
227.4375
575.625
403.625
302.0
477.3125
3.1272065825760365E-8
8.961720254774522E-13
4.7766235411472735E-12
3.355538069627073E-12
3.817390847871138E-12
2.9167779302952113E-12
6.708411603995059E-12
7.575273741622368E-12
8.669509554692935E-12
4.718003765447065E-12
5.9463545198923384E-12
3.169020601490047E-12
3.0127011996228248E-12
2.524203068787756E-12
2.0710544390567624E-11
1.9902302028640406E-11
5.062616992290714E-12
1.1617373729677638E-11
3.005773407949164E-11
1.468158927764307E-11
2.594902070995886E-11
6.59738930153253E-12
1.1937117960769812E-12
2.4787283336991095E-11
3.065281362069072E-11
1.63034030720155E-11
2.234656903965515E-11
1.8701484805205837E-11
1.7426060594516457E-11
1.0796696869874722E-11
2.7331026331012667E-11
6.009059916323167E-11
3.308997520434952E-11
1.2320811038082619E-11
9.622880270399037E-11
3.731059905476286E-11
6.903633220645133E-11
1.2170886520834756E-10
3.822009375653584E-11
3.417710559006082E-11
3.7410075037769275E-11
1.3804424270347226E-10
9.417533419764368E-11
1.0702194686018629E-10
2.0033041892020265E-10
6.644995664828498E-11
4.0785153032630164E-11
1.3081091765343444E-10
6.309619493552998E-12
1.9092283309873892E-10
2.5210056264768384E-11
