3.7000957853194905E-13
2.071676163950542E-13
1.402489235857729E-13
2.756128658631951E-14
2.4069635173873394E-13
7.438494264988549E-15
1.775801727887938E-13
3.4691693961974584E-13
1.4327428132787645E-13
5.004330283497893E-14
1.8965806702908594E-10
1.312514541496057E-10
2.4064661374723073E-10
3.425952854740899E-10
8.375877769140061E-11
4.3655745685103864E-11
1.5123191587917972E-10
6.639311322942542E-11
6.434675015043798E-11
1.7496404325356707E-10
5.398987923399545E-10
8.298570719489366E-10
4.3064574128948193E-10
5.626361598842777E-10
4.971525413566269E-10
6.668301466561392E-10
2.4778046281426214E-10
1.7774937077774666E-10
4.134790287935175E-10
3.913100954378024E-10
6.176605893415399E-10
1.3142198440618813E-10
4.107505446881987E-10
1.145849637396168E-9
6.02540239924565E-10
1.3278622645884752E-10
1.3699263945454748E-9
9.254108590539545E-11
9.674749890109524E-11
4.0688519220566377E-10
1.2905729818157918E-9
2.687784217414446E-9
2.651177055668615E-10
1.1250449460931122E-9
1.8785613065119833E-9
6.057234713807702E-10
2.4501787265762687E-9
2.4874680093489587E-9
7.16227077646181E-11
5.691163096354686E-10
6.903064786456525E-9
3.0636329029221088E-9
4.043613444089215E-9
3.2682692108210176E-9
1.515672920504585E-9
1.994521880994808E-9
2.19279172597453E-9
4.554749466478828E-9
8.657480066176504E-9
3.375589585630223E-9
7.463313522748649E-9
1.5097612049430609E-9
8.521965355612338E-10
6.3300831243395805E-9
4.182766133453697E-9
4.1063685785183235E-9
6.366462912410498E-10
4.524736141320318E-9
4.8357833293266594E-9
5.880792741663754E-9
9.076757123698059E-10
1.2189047993160784E-8
1.2027157936299413E-8
4.3655745685100555E-10
7.818016456440091E-9
1.706393959466368E-8
1.2565578799911617E-8
9.673385648056865E-9
1.8728314898908138E-8
6.184563972055912E-10
1.5967088984325528E-8
3.963577910326421E-8
1.7611455405130982E-8
2.3122993297929138E-8
2.6837369659915566E-8
7.639755494892597E-9
1.6018020687624812E-8
7.75253283791244E-9
3.160312189720571E-8
4.660250851884484E-9
8.394272299483418E-8
1.3234966900206428E-8
1.0184157872572541E-7
1.6487319953739643E-8
6.162736099213362E-8
9.923678590158247E-8
1.3133103493614636E-8
3.890454536303878E-8
5.238689482218843E-9
7.099151844158769E-8
1.867010723799467E-8
2.2118911147117615E-9
3.4779077395796776E-9
4.7963112592697144E-8
4.086177796125412E-8
2.1539744921028614E-7
6.44649844619362E-9
3.9333826862302705E-8
2.2191670723262837E-8
1.9994331523776054E-8
4.8128168117500536E-14
2.687849942617504E-13
2.807754029277021E-13
3.285149929865838E-13
6.671885266484878E-13
3.1347147100291295E-13
4.934386232946509E-13
1.0730305533002138E-13
8.681944052568724E-14
3.47499806707674E-14
1.1054908100049943E-9
2.4616019800305367E-7
7.325434126653763E-8
1.4176475815474987E-7
1.2776581570506096E-7
1.5180557966243142E-7
1.014268491451864E-7
1.5756995708385388E-10
6.407390173990279E-10
2.2259882825892419E-10
3.1274976208849406E-7
6.083282642066479E-7
1.1135125532746315E-7
1.4086253941980684E-8
7.328344509005547E-8
9.546056389808655E-8
2.9488001018805957E-7
5.627516657114029E-7
4.604225978255272E-8
3.2014213502407074E-8
1.0941876098513603E-6
1.692213118298369E-6
5.981419235467911E-7
1.5203841030597687E-6
8.298084146485252E-7
1.169857569038868E-6
5.7159923017024994E-8
1.0360963642597198E-7
1.385924406349659E-6
5.959300324320793E-7
4.463363438844681E-7
3.157183527946472E-7
1.8742866814830395E-7
1.6933772712945938E-6
9.848736226558685E-7
2.053799107670784E-6
1.0221265256404877E-6
7.28759914636612E-8
1.4330726116895676E-6
1.1129304766654968E-6
1.069623976945877E-6
1.0933727168094265E-6
6.943009793758392E-7
3.878958523273468E-7
6.431248039007187E-6
4.915520548820496E-6
2.483837306499481E-6
1.3085082173347473E-7
3.729481257153111E-6
2.5406479835510254E-6
4.2514875531196594E-6
4.405155778042236E-6
1.0581687092781067E-5
3.3853575587272644E-6
5.618669092655182E-6
1.2051314115524292E-6
3.036111595022817E-6
3.520399333156732E-7
5.0533562898635864E-6
1.7415732145309448E-7
1.4714897815792938E-6
1.8533319234848022E-6
5.260109901428223E-6
2.3152679204940796E-6
8.052214980125427E-6
1.3193115592002869E-5
1.6745179891586304E-5
8.6221843957901E-6
1.2876465916633606E-5
6.3050538301467896E-6
9.909272193908691E-7
2.3916363716125488E-5
2.816319467413564E-6
1.9706785678863525E-5
1.8049031496047974E-5
1.870468258857727E-5
1.7374753952026367E-5
1.9069761037826538E-5
1.9177794484903643E-5
1.6245990991592407E-5
1.1235475540161133E-5
3.600865602493286E-5
2.9243529752420727E-5
4.941225233778823E-5
9.07480728074006E-6
3.2588839530944824E-5
5.373358726501465E-5
3.264844599470962E-5
7.526576609961921E-5
7.987022399902344E-6
1.474618911743164E-4
7.109344369382598E-5
4.096329945468824E-5
6.638467675657012E-5
8.006393909454346E-5
4.127621650695801E-6
5.1468610763549805E-5
7.280707359313965E-5
2.3758411771268584E-4
7.207691669464111E-5
5.055955654142963E-13
3.341771304121721E-13
9.350298313393068E-13
7.58948459633757E-13
1.408317906737011E-12
8.048006705507761E-13
9.990896998601784E-13
1.8673951274195133E-13
1.138977800962948E-12
6.651346140529313E-13
2.678334722077125E-4
8.404254913330078E-6
2.5629997367104806E-5
1.5676021575927734E-5
4.380941390991211E-5
5.363523960113525E-4
3.933906555175781E-5
2.499520778656006E-4
2.5868417287711054E-4
1.3065338134765625E-4
2.874733181670308E-4
1.348257064819336E-4
2.689957618713379E-4
3.975629811066028E-4
5.173683166503906E-5
2.0503997802734375E-5
1.0406970977783203E-4
2.5659799575805664E-4
1.1980533599853516E-5
5.590319924522191E-4
7.607936859130859E-4
2.5510787963867188E-5
6.830692293533502E-4
0.0015799999237060547
6.175041198730474E-5
4.971027374267578E-5
2.4402141571044922E-4
1.2373924255371094E-4
5.112886428833008E-4
3.1387805938720703E-4
0.0023365020751953125
3.199577331542969E-4
7.867813110351562E-4
6.079673767089844E-5
0.0011806488037109375
5.650521052302793E-5
0.0035843849182128906
0.0013394355773925781
2.899169921875E-4
6.687641434837133E-4
0.0023312573321163654
0.0012035369873046875
1.4305117656476796E-4
0.0012135505676269531
0.005988121032714844
3.62396240234375E-4
0.003651142120361328
0.003039836883544922
0.0052957553416490555
1.7023086547851562E-4
0.00316619873046875
0.0027446746826171875
0.011953353881835938
0.00489044189453125
0.004187583923339844
4.6443939208984375E-4
0.005694389343261719
0.0019130706787109375
0.006397247314453125
0.001476287841796875
0.009199157357215881
0.0025444035418331623
0.0014247894287109375
0.0043201446533203125
0.0031739473342895508
0.018087387550622225
0.009870529174804688
0.012128829956054688
0.0014858250506222248
0.0032883882522583008
0.0034332275390625
0.01739501953125
0.0484929084777832
0.019947052001953125
0.00492095947265625
0.039943695068359375
0.038875579833984375
0.050403594970703125
0.0167694091796875
0.028240207582712173
0.08960723876953125
0.07038116455078125
0.07209014892578125
0.0586090087890625
0.04831695556640625
0.03631591796875
0.03296661376953125
0.0705108642578125
0.02379608154296875
0.0375518798828125
0.07217788696289062
0.0079498291015625
0.042636871337890625
0.013183623552322388
0.1492156982421875
0.0818486213684082
0.007568359375
0.003692626953125
0.010833770036697388
0.1450042724609375
1.258548820715079E-12
7.256417688950023E-13
1.991740106177531E-12
2.9554136915521683E-12
9.51017042893909E-13
1.0522693827397234E-12
1.9895196601282805E-13
2.0516921495072893E-12
1.0149658891123181E-12
1.2534417948018017E-12
0.132598876953125
0.01611328125
0.266082763671875
0.0456390380859375
0.145782470703125
0.2760925441980362
0.2846393585205078
0.01696789264678955
0.171875
0.031284332275390625
0.6893310546875
0.046875
0.0157470703125
0.08135986328125
0.33953857421875
0.5780029296875
0.40789794921875
0.2692270278930664
0.4731454849243164
0.02886962890625
0.5107443332672119
0.9703369140625
0.3475341796875
0.32373046875
0.53515625
0.3162841796875
1.2830810546875
2.0831298828125
1.1573486328125
0.2061767578125
1.0947265625
0.040283203125
2.2958984375
2.90185546875
0.431396484375
3.26318359375
0.773193359375
1.14990234375
3.7587890625
2.053955078125
2.234375
2.5341796875
2.36962890625
2.1538429260253906
0.38720703125
3.5185546875
4.753448486328125
1.19677734375
2.3505859375
2.51904296875
1.0928955078125
8.2333984375
3.5419921875
5.1962890625
0.4599609375
9.2763671875
2.96588134765625
13.935546875
7.30078125
12.7353515625
0.96875
0.88671875
1.384765625
2.384765625
9.546875
1.6796875
2.431640625
1.951171875
10.970703125
13.068359375
50.78515625
19.65234375
2.62890625
34.98046875
39.6865234375
12.76953125
1.59765625
34.90234375
15.6328125
30.8955078125
4.8046875
12.328125
30.3515625
81.15625
22.3125
97.1015625
45.625
35.8515625
5.859375
24.296875
47.859375
81.375
135.515625
90.703125
12.0546875
11.078125
187.4765625
16.140625
76.75
76.40625
2.3359092438113294E-12
1.882938249764272E-12
2.7893243270682433E-12
8.690825836765725E-13
5.692335491858103E-12
1.9833024111903796E-12
7.180922523275513E-13
1.1191048088221578E-12
1.9397816686250735E-12
2.913225216616411E-13
391.0625
202.90625
54.53125
95.90625000000001
297.03125
143.1875
488.21875
28.5625
6.5625
237.25
210.6875
45.09375
22.3125
100.875
310.4375
173.375
443.125
78.65625
932.25
148.625
1.0436096431476471E-12
4.75353090223507E-12
4.387601393318619E-12
3.992361996552063E-12
8.16058332020475E-12
9.512390874988354E-12
1.2139622640461363E-11
4.335198866556313E-12
5.1878501494684315E-12
4.264144592980301E-12
2.1760371282653072E-12
2.0104806708332035E-11
1.6813217484923474E-11
1.5344170378739364E-11
4.4231285301066237E-13
9.9333874459262E-12
1.750954936596827E-11
1.588063014423824E-12
7.835510018594505E-12
9.226397423844901E-12
1.610089839232387E-11
5.511324729923222E-11
3.8415493008869817E-11
3.6994407537349616E-11
1.1191048088221578E-12
4.175149115326349E-11
3.581490659598785E-11
3.510791657390655E-11
2.148325961570663E-11
2.957634137601417E-11
1.000088900582341E-10
9.64206492426456E-11
6.884448566779611E-11
3.574029960873304E-12
5.5493387662863825E-12
5.2807536121690646E-11
3.893774191965349E-11
5.288569582262426E-11
3.4077629607054405E-11
6.30819840807817E-11
1.6228796084760693E-10
1.5624834759364603E-10
3.950617610826157E-12
7.821654435247185E-11
1.3780265817331383E-10
1.2744294508593157E-10
1.5801049357834431E-10
6.616573955398053E-11
3.183231456205249E-11
6.835421118012164E-12
