2.1566082253343666E-14
8.215650382226158E-15
1.680600103526331E-13
1.1046719095020308E-14
1.2181922137699533E-13
1.762479051592436E-13
1.1834977442504169E-13
2.2648549702353193E-14
2.493005801795789E-13
2.5338064979507635E-13
1.3747580851486418E-10
4.008882115158485E-10
3.994387043348997E-10
4.121432084502885E-10
9.541167855786625E-11
2.972910806420259E-10
1.929834070324432E-10
2.0875745576631743E-10
2.2768631424699297E-10
1.5376144801848568E-11
6.788809514546831E-10
4.3382897274568677E-10
8.981260180007744E-12
2.78305378742569E-10
5.595097718469333E-10
6.289155862759799E-10
4.422417987370866E-11
1.3210410543251783E-10
3.077502697124146E-10
7.171365723479539E-10
1.917669578688219E-9
7.219114195322618E-11
1.301259544561723E-9
1.748048816807568E-9
3.304876372567378E-10
9.081304597202688E-10
1.651869752095081E-10
1.2504415281002665E-9
1.0697931429604068E-9
5.535412128665484E-10
9.052455425262451E-6
1.4738361642247243E-9
7.992610342469342E-6
3.0174851417541504E-7
7.236376404762268E-7
4.854053258895874E-6
1.0438263416290283E-5
5.974434316158295E-6
4.51691454372849E-6
5.930662155151367E-6
4.051344149047509E-9
2.06546246772632E-9
2.3901520762592554E-9
4.572939360514495E-9
2.4551809474360198E-9
3.789409674950458E-9
2.3187567421701103E-9
3.5611265047919005E-9
2.3815118765924126E-9
9.245013643521816E-10
9.113136912035791E-10
4.1372913983650506E-9
4.6584318624809384E-9
2.5283952709287405E-10
2.083652361775331E-9
1.0941221262328327E-8
4.10454958912833E-9
3.0368028092198074E-9
1.546140993013978E-10
1.306034391745925E-9
4.58749127574265E-9
1.672196958679706E-8
1.3473254512064159E-8
1.9754224922508E-9
6.7884684540873465E-9
9.358700481243432E-9
1.2149030226282775E-8
1.2532836990435186E-9
7.645212463103235E-9
7.88895704317838E-9
7.370545063384651E-9
2.6811903808282865E-9
2.2184394765645266E-8
3.832974471151829E-8
1.2769305612891912E-9
2.9129296308383346E-8
3.330205800011754E-8
8.076312951743603E-10
1.613079803065143E-8
4.874891601502895E-9
2.6433554012328386E-8
9.109498932957649E-8
3.5637640394277196E-8
7.60337570682168E-9
3.293826011940837E-8
4.2527972254902124E-8
3.16067598760128E-8
4.062167135998607E-8
1.5710975276306272E-7
1.02882040665421E-7
7.872586138546467E-9
3.290188033133745E-8
2.0881998352706432E-8
3.128661774098873E-9
1.0071380530246588E-7
8.076312951743603E-9
6.284972187478588E-8
9.627547115434454E-8
8.64383764564991E-9
9.564973879605532E-8
4.850009283074997E-13
5.662137425588298E-13
8.165690346118026E-14
3.291811268013589E-13
7.125966483556568E-13
9.747758156208874E-14
2.544631172440859E-13
2.8632651805082787E-13
7.438494264988549E-14
2.7083890685730694E-13
1.3111275620769375E-7
3.18803358823061E-7
1.2977398000755137E-7
2.610613591969013E-7
2.6653287932276726E-7
2.9063085094094276E-7
6.434856913983822E-8
2.2025778889656067E-7
1.9252183847129345E-7
5.0640664994716644E-9
9.987270459532738E-7
8.34115780889988E-8
3.1117815524339676E-7
6.082700565457344E-7
1.827138476073742E-7
2.598389983177185E-7
4.2747706174850464E-7
3.600725904107094E-7
3.884779289364815E-7
4.994799384094861E-7
6.294576451182365E-7
1.7671845853328705E-7
1.2253876775503159E-6
1.1579832062125206E-6
3.4726690500974655E-7
1.26310624183959E-7
3.1408853828907013E-7
2.9802322387695365E-8
1.5844125300645828E-6
9.867362686967474E-7
1.964857801795006E-6
1.0891817510128021E-6
1.101987436413765E-6
9.872019290924072E-8
2.3907050490379333E-6
1.9348226487636566E-7
1.6833655713810458E-7
1.119915395975113E-6
1.1420343071222305E-6
1.4235265553006263E-6
6.901100278455807E-7
1.1641532185469039E-7
5.653128027915955E-7
2.760905772447586E-6
2.4102628302102858E-6
6.410293284631052E-6
2.259388566017151E-6
4.3502077460289E-6
4.494562745094299E-6
3.650784492492676E-7
4.24310564994812E-6
8.909963071346283E-6
1.33514404296875E-5
8.550472557544708E-6
3.266148269176483E-6
7.655471564449456E-7
6.0675665736198425E-6
4.12575900554657E-6
4.784204065799713E-6
2.5741755962371826E-6
2.2562220692634583E-5
2.4326147922693053E-6
8.091330528259277E-6
1.0862946510314941E-5
9.125098642925877E-6
2.5406479835510254E-6
1.6206875443458557E-5
1.3615936045319188E-6
1.9166618585586548E-6
1.9278377294540405E-6
1.7862767037968297E-5
3.056228172226838E-5
1.080334188330312E-6
8.717179316164447E-7
3.472715616226196E-5
1.648440957069397E-5
2.5823712348937988E-5
6.66081906075533E-6
1.780688762664795E-5
8.378177881240845E-6
3.271549940109253E-5
4.149973392486572E-6
6.287544965744019E-5
5.1744282245635986E-5
7.890164852142334E-6
3.1940640838001855E-5
8.242577314376831E-5
1.914799220514851E-6
3.446638584136963E-5
4.6268105961644324E-5
1.4132261276245117E-4
3.6343932151794434E-5
1.1688470840454102E-4
3.159046173095703E-6
7.651746273040771E-5
1.831352710723877E-5
1.4828145503997803E-4
1.8626453311298974E-5
2.1091103553771973E-4
5.623698962153867E-5
5.913047829153584E-13
1.3389289676979388E-13
3.26405569239796E-14
4.698463840213664E-13
8.204548151979907E-13
5.99187366390197E-13
9.431344594190705E-13
9.847678228425139E-13
2.09054995536917E-13
9.691136781952991E-13
5.513429641723633E-6
1.5854835510253906E-4
6.219745409907773E-5
1.3065338134765625E-4
1.5139579772949219E-5
5.868077278137207E-5
8.195638656616211E-6
1.7145276069641113E-4
9.477138632973947E-6
6.851553916931152E-5
4.589557647705078E-5
2.964138984680176E-4
6.310343742370605E-4
1.3267993927001953E-4
4.6312925860547693E-5
2.86102294921875E-5
4.5222043991088867E-4
9.59634780883789E-6
6.151210982352495E-5
3.280043601989746E-4
6.096363067626953E-4
3.1590463549946435E-5
0.0012593269348144531
3.6084651947021484E-4
2.690558321774006E-4
0.0012078285217285156
8.118152636598097E-4
5.983115406706929E-4
0.0011161575093865395
3.0303001403808594E-4
1.316070556640625E-4
0.0022482872009277344
0.0013177397195249796
0.0021486282348632812
1.819133831304498E-4
0.0018863677978515625
0.0012133122654631734
0.001100778579711914
0.0012965202331542969
0.0011823177337646484
0.0026826858520507812
0.0037546157836914062
0.00261688232421875
0.004754543304443359
0.006136417388916016
0.0022153854370117188
0.002051830291748047
0.00431060791015625
6.122589111328125E-4
0.0010614395141601562
1.9931793212890625E-4
0.0068206787109375
3.662109375E-4
0.005335822701454163
0.004414558410644531
0.005123138427734375
0.0021924972534179688
1.5735626220703125E-4
0.004384040832519531
0.0056324005126953125
9.365081787109375E-4
5.39783388376236E-4
0.01823258399963379
0.00972205400466919
0.0020809173583984375
0.0011348724365234375
0.001895904541015625
0.0067577362060546875
0.009710311889648438
0.00191497802734375
0.008563995361328125
0.01715850830078125
0.01694488525390625
0.0258638858795166
0.02651214599609375
0.008998870849609375
0.002552032470703125
0.01833343505859375
0.0478975772857666
0.017505647614598274
0.08307647705078125
0.0824737548828125
0.044403076171875
0.05467987060546875
0.042817123234272
0.033660888671875
0.00777435302734375
0.03072357177734375
0.001777656376361847
0.108642578125
0.0120086669921875
0.0594329833984375
0.1625823974609375
0.0369873046875
0.065460205078125
0.2307281494140625
0.1005706787109375
0.0667266845703125
0.09808349609375
0.1018986701965332
1.0329515021112456E-12
9.487965968446588E-13
1.2565504192707522E-12
2.183586644832758E-12
7.487344078072056E-13
2.5097701694676297E-12
4.345412918382879E-13
2.2362112161999903E-12
1.0180745135812685E-12
1.071587263368201E-12
0.23065185546875
0.048828125
0.1070556640625
0.2706298828125
0.1282958984375
0.131805419921875
0.15093994140625
0.0858764797449112
0.032867431640625
0.005859375
0.23602294921875
0.02142333984375
0.0421142578125
0.03125
0.18756103515625
0.0224609375
0.0750732421875
0.36724853515625
0.150787353515625
0.07281494140625
0.651611328125
0.5571308135986328
0.8449726104736328
0.6229248046875
0.15234375
0.712890625
0.0980224609375
0.720458984375
1.626708984375
0.0345458984375
2.13720703125
2.335693359375
1.16796875
1.076171875
0.173583984375
1.18505859375
1.048095703125
1.12158203125
1.2490234375
1.819580078125
1.482421875
5.84716796875
4.8515625
2.4716796875
1.37255859375
0.388671875
3.37890625
0.76123046875
1.775146484375
4.728057861328125
10.125
3.4052734375
0.7431640625
0.9501953125
7.0439453125
10.76171875
3.7119140625
0.6943359375
0.7958984375
7.546875
13.5390625
6.0595703125
15.0703125
18.619140625
2.95703125
24.931640625
10.72265625
19.1015625
2.58984375
5.025634765625
32.96484375
25.5087890625
36.8984375
0.787109375
19.41015625
34.17578125
18.88671875
6.76953125
1.1962890625
2.0703125
48.984375
52.8515625
20.66015625
34.0234375
72.65625
14.2890625
62.71875
70.0703125
76.3125
151.46875
17.125
5.5625
68.5859375
12.796875
164.640625
72.21875
77.25
195.94921875
117.15625
201.1171875
2.7844393457598926E-12
3.084199562408685E-12
1.1115552922547067E-12
2.5712765250318625E-13
4.747313653297186E-13
5.929479129918036E-12
5.068390152018765E-12
3.8378189515242476E-12
2.104982854689297E-12
4.4231285301066237E-13
283.375
295.90625
83.15625
164.625
295.96875
216.8125
142.09423828125
151.00048828125
278.34375
77.9375
855.0
209.625
146.6875
306.8125
603.25
11.9375
436.5625
149.9375
279.25
398.4375
1.213340539152341E-11
1.5709211709236115E-11
9.970690939553606E-12
7.933209644761519E-12
1.0483169887720578E-11
4.8974158062264905E-12
4.3085535139653075E-12
1.2583711850311374E-11
7.65609797781508E-12
8.681055874149024E-12
1.2676082405960187E-11
7.224443265840819E-12
2.276934196743241E-11
1.4017231819707376E-11
5.424993787528391E-12
1.0484058066140278E-11
1.1370460129001029E-11
3.2660096849213005E-11
2.5989876917265065E-11
1.91509030855741E-11
2.546585164964199E-11
4.836664402319002E-11
2.4066082460194593E-11
2.9878322038712213E-12
6.618705583605333E-12
4.355626970209414E-12
3.247180302423658E-11
3.163336259603966E-11
3.2606806144031E-11
4.249400831213279E-11
3.247890845159423E-11
6.0680349633912556E-12
9.108447329708724E-11
5.619682497126963E-11
4.033751110910089E-11
8.729728051548591E-11
7.695177828281885E-12
6.752998160663992E-11
6.956923925827141E-11
1.0151524065804551E-10
1.8559376258053817E-11
9.134737410931848E-11
1.4281908988778017E-11
1.2320811038080163E-11
3.19033688356285E-11
7.644018751307158E-11
2.1515234038816247E-11
3.6564529182214756E-11
1.3798739928461146E-11
1.4875922715873457E-10
