8.895661984809067E-14
1.955380302121057E-13
3.1866176364303556E-13
6.367129046225273E-14
6.547540287726861E-14
1.833533325168446E-13
3.635425294135075E-13
1.6775469902086115E-13
2.898792317296284E-13
9.06219543850284E-14
2.0256152311048946E-10
1.4415491023100913E-10
2.6787461138155777E-10
1.560636064823484E-10
1.6709122974134516E-10
3.31766614181106E-10
2.9106672627676744E-10
2.913509433710715E-10
3.6266101233195513E-11
1.094235813070819E-10
1.128341864387039E-9
3.8335201679728925E-10
9.620180208003148E-10
8.208189683500677E-11
2.9103830456733704E-10
7.673861546209082E-11
4.172306944383311E-11
3.5072389437118545E-10
2.823981049004942E-10
2.725073500187136E-10
1.022954165819101E-9
1.0675194062059745E-10
1.317630449197765E-10
8.606093615526333E-11
2.8546764951897785E-10
1.074454303306993E-9
2.830802259268239E-10
1.6818830772535875E-9
5.509264155993748E-10
1.0845724318684521E-10
3.095010470133275E-9
1.2755663192365319E-10
1.7373622540634302E-9
2.5502231437712908E-9
3.4260665415786207E-9
1.0397798178027472E-9
3.5561242839321494E-10
4.196408553983679E-9
2.027263690251857E-9
5.345555109671445E-10
7.121343514890498E-10
4.0813574742077095E-9
3.093191480729729E-9
1.9376784621272236E-9
1.2792042980436236E-9
1.0536496120039374E-9
3.055902197957039E-9
3.2778189051964096E-9
5.06588548887521E-10
1.4961187844164672E-9
2.7921487344428897E-9
6.266418495229028E-9
1.163152774097398E-8
8.635652193361059E-9
4.1472958400856116E-10
6.912159733474255E-10
2.2782842279411985E-9
9.784344001673162E-9
6.716618372593075E-9
3.1359377317131624E-9
9.336872608400881E-9
2.4227119865827262E-8
2.5447661755606532E-9
1.837179297581315E-8
5.366018740460277E-10
1.375519786961382E-8
8.167262421920896E-9
1.4066245057620108E-8
5.24596543982625E-9
1.2569216778501868E-9
1.1241354513913393E-9
9.411451173946261E-9
1.8422724679112434E-8
3.451350494287908E-8
5.802939995191991E-8
1.3860699255019426E-9
1.8233549781143665E-8
1.5461409930173661E-9
7.494236342608929E-10
2.3304892238231207E-8
4.084722604602575E-8
3.330205800011754E-8
1.3540557119995356E-8
8.70932126417756E-9
9.611540008336306E-8
3.6088749766349792E-9
3.4415279515087605E-9
7.417838787661358E-8
4.073081072419882E-8
5.566107574850321E-9
2.612941898405552E-7
2.569868229329586E-8
7.364724297076464E-8
4.511093720793724E-8
1.861189958055065E-8
1.1772499419748783E-8
1.22527126222876E-7
1.987791620194912E-8
1.8198625184595585E-7
9.454379323869944E-8
1.386113446244508E-13
2.9015678748578466E-13
2.555178291174798E-13
8.287814878826794E-14
5.24913446042774E-13
9.803269307440132E-14
1.729727472365994E-13
3.0830893393840597E-13
4.409805853811122E-13
3.5532687903128135E-13
1.76355242729187E-5
2.809974830597639E-7
2.371962182223797E-8
2.606248017400503E-7
1.2604868970811367E-7
1.993030309677124E-5
4.7128647565841675E-5
6.709247827529907E-6
2.482160937233857E-5
3.971159912907751E-6
8.166534826159477E-8
1.6787089407444E-7
6.383634172379971E-7
3.4348340705037117E-7
1.775333657860756E-8
4.1624298319220543E-7
2.654269337654114E-7
5.073379725217819E-7
6.129266694188118E-7
4.984322004020214E-7
2.200249582529068E-8
1.0863877832889557E-6
8.370261639356613E-7
6.539048628129152E-7
3.5192351788282394E-7
2.6426278056448926E-8
2.0174775272607803E-7
7.229391485452652E-7
1.7229467630386353E-7
4.4354237616062164E-7
5.359761416912079E-7
1.7764978110790253E-6
1.5476252884782937E-6
1.695007085800171E-7
1.3790559023618698E-6
1.3832468539476395E-6
4.0978193283081055E-8
1.5087425886406436E-7
1.3525132089853287E-6
2.3888424038887024E-7
4.336237907409668E-6
9.452924135122664E-8
2.7478672564029694E-6
5.009584128856659E-6
2.1490268444779304E-6
1.6624107956886292E-7
2.92900949716568E-7
9.96515154838562E-8
6.039626896381378E-7
2.0675361156463623E-7
4.069879651208419E-7
1.62515789270401E-6
4.8568472266197205E-6
4.090368747711182E-6
6.4307823778309015E-6
6.157904863357544E-6
4.5420602106105434E-6
2.166256308555603E-6
6.724149130832302E-7
4.212372004985809E-6
9.277835488319397E-6
1.2816861385545053E-5
1.954101026058197E-5
2.0731240510940552E-5
6.606802344322205E-6
1.1863186983873675E-5
9.98377799987793E-6
8.868053555488586E-6
8.99285078093115E-6
1.0477378964424133E-5
2.197176218032837E-5
1.8958002335978108E-5
3.98978590965271E-5
5.904957663460664E-5
6.18025665062305E-5
1.9915401935577393E-5
2.650916576385498E-5
4.764646348576207E-6
4.808604717254639E-5
1.0814517736434937E-5
4.903227090835571E-5
3.4436583518981934E-5
3.777444362640381E-6
2.3193657399112055E-5
3.263354301452637E-5
3.253668546676636E-5
2.1256507352518383E-5
3.4347176551818848E-6
4.753470420837402E-6
5.964934825897217E-5
5.383789539337158E-5
7.939338684082031E-5
7.130205722205574E-5
5.319714546203613E-6
1.1087954044342041E-4
7.459521293640137E-5
1.679360866582158E-4
6.885826587677002E-5
1.4290213584899902E-4
7.018446922657517E-5
7.069900220812997E-13
1.18804965865138E-12
5.787592627370941E-13
2.3425705819590803E-14
3.376188217885101E-13
3.950173521616307E-13
9.026113190202543E-14
6.290523657526137E-13
1.1679546219056647E-12
6.871170299405098E-13
1.8730759620666504E-4
4.096627526450902E-4
2.621412422740832E-4
4.51505184173584E-5
1.537799835205078E-5
3.749135066755116E-5
2.3069977760314941E-4
2.9221177101135254E-4
7.76052474975586E-5
1.9067527318838984E-4
5.9664249420166016E-5
8.86917118805286E-5
8.246302604675293E-4
5.978347035124898E-4
1.3649463653564453E-4
4.339218144195911E-4
5.023479461669922E-4
6.403326988220215E-4
2.903938293457031E-4
3.9380788803100586E-4
9.512924589216709E-5
3.2770633697509766E-4
3.142356872558594E-4
1.0490423301234841E-4
7.62939453125E-4
0.0010251998901367188
9.381771087646484E-5
0.0011267662048339844
2.4712085723876953E-4
5.931863561272621E-4
0.0013327617198228836
6.0081489209551364E-5
0.0021297940984368324
0.0020780564518645406
0.0011484622955322266
7.889270782470703E-4
2.2888253442943096E-4
0.0022592544555664062
7.152557373046875E-5
2.579689025878906E-4
0.005511283874511719
0.002098560333251953
4.906654357910156E-4
0.0034742429852485657
0.00795602798461914
0.002105712890625
9.44137864280492E-5
1.3637542724609375E-4
0.008216381072998047
0.002310279756784439
1.7070770263671875E-4
7.200241088867188E-4
0.0010128207504749298
0.0041446685791015625
0.009779930114746094
0.0017433175817131996
0.012978553771972656
0.010983496904373169
0.004860877990722656
0.0028476715087890625
0.0058040618896484375
0.009309768676757812
0.0187835693359375
6.198883056640625E-4
0.0083770751953125
0.0014171600341796875
0.01605224609375
0.008739471435546875
0.01111990213394165
0.028028488159179688
0.00304412841796875
0.023052215576171875
0.01306915283203125
0.004238247871398926
0.02716827392578125
0.018535614013671875
0.057682037353515625
0.02658843994140625
0.01192474365234375
0.00109100341796875
0.06958770751953125
0.0337982177734375
0.0378570556640625
0.0715789869427681
0.014854907989501953
0.0177232027053833
0.03339385986328125
0.08014106750488281
0.00179290771484375
0.0074920654296875
0.1311492919921875
0.0683135986328125
0.049102783203125
0.010986328125
0.0733489990234375
0.040146827697753906
0.1474456787109375
0.20941162109375
0.1644134521484375
0.0894927978515625
7.107647803650252E-13
1.552979966845669E-12
1.7619239400801234E-12
1.0396128402589966E-12
1.1517453657461374E-12
1.467936883159382E-12
1.7785772854495008E-12
2.1960211427085596E-13
1.908917468540494E-12
3.9168668308775523E-13
0.0382080078125
0.20306408405303955
0.02240002155303955
0.00885009765625
0.005737304687500014
0.057037353515625
0.076629638671875
0.17877197451889515
0.01416027545928955
0.1016845703125
0.64508056640625
0.51214599609375
0.015380859375
0.3168950080871582
0.56231689453125
0.298095703125
0.60986328125
0.10943603515625
0.383056640625
0.236083984375
1.2174072265625
0.9661865234375
0.880859375
1.598388671875
0.1246347427368164
0.0616455078125
1.0909423828125
0.5592193603515625
0.0318603515625
0.128662109375
0.08618927001953125
2.165283203125
1.588623046875
1.88037109375
0.16943359375
0.05078125
0.125244140625
1.8984375
0.676513671875
0.25830078125
2.119140625
2.3828125
2.26220703125
0.5
1.7392578125
0.55712890625
3.52880859375
6.47802734375
0.165557861328125
1.05322265625
1.04296875
9.591796875
0.953125
4.9609527587890625
0.74609375
0.9736328125
0.792236328125
4.2705078125
6.748046875
6.4873046875
6.412109375
12.0625
10.85546875
2.3515625
9.328125
9.609375
8.390625
8.04296875
3.59185791015625
0.5390625
22.98828125
21.82421875
0.66796875
35.17431640625
16.8673095703125
31.84765625
20.97265625
5.359375
35.1181640625
19.39453125
22.234375
73.8515625
1.890625
110.7109375
70.0859375
8.15625
17.6484375
38.203125
27.671875
12.4375
85.2421875
5.8828125
13.828125
15.0625
27.5
159.421875
150.5390625
141.796875
231.5
4.890625
2.3789858971667862E-12
1.2181367026187218E-12
2.4278357102502988E-12
4.190425784145191E-12
3.973266160528511E-12
4.731326441742567E-12
2.8408386754108506E-12
3.027356143547877E-12
1.518341008477364E-12
2.4935609133081016E-12
289.3125
13.28125
160.90625
299.375
31.25
15.75
136.65625
178.9375
248.8125
13.0625
222.125
329.4375
13.5625
288.125
14.5
443.5
529.4375
48.5
271.46875
309.25
6.652456363553938E-13
1.2748913036375598E-11
1.1725731496881053E-11
2.950528710243829E-12
8.350653502020577E-12
6.552092202127824E-12
1.2432721518962353E-11
4.972022793481314E-12
8.184564137536654E-12
2.9096725029376103E-12
1.7966073073694133E-11
1.0022205287896265E-11
1.0404122008367319E-11
1.2786216530003003E-11
9.974243653232406E-12
8.169465104401754E-12
1.1386447340555605E-12
3.5562663924793014E-12
8.44302405766939E-12
2.602362769721367E-12
1.7546852859595726E-11
1.7216450487467228E-11
2.170708057747106E-12
1.5436540934388616E-11
2.3508306412622915E-11
1.495692458775016E-11
1.8449242134011E-11
2.098943241435336E-11
3.881339694089547E-11
3.5342395676707383E-11
1.0032863428932615E-10
3.4567904094728874E-11
4.148859034103225E-11
4.8025583510026826E-11
4.192912683720351E-11
6.020428600095329E-11
4.599343128575139E-11
1.0953726814477704E-10
1.233999569194566E-10
5.0398796247463906E-11
1.3955059330328781E-11
1.6702017546776915E-10
9.843859061220428E-11
1.523972059658263E-10
4.11262135457946E-11
6.424727416742826E-11
4.75068873129203E-11
8.246558991231805E-11
1.4935608305677306E-10
6.608047442568932E-12
